12 216 88 259 227 156 117 195 138 106 120 233 151 
18 0 87 80 133 225 63 39 102 202 158 191 73 42 119 112 152 229 94 
15 180 103 260 285 129 91 282 14 23 124 255 51 104 47 135 
13 296 212 159 95 18 200 245 174 50 89 242 176 143 
11 85 162 127 57 241 82 27 235 250 288 208 
11 249 203 58 263 239 253 197 205 280 1 211 
12 75 276 273 79 188 29 244 11 199 12 215 123 
12 7 246 15 213 281 157 298 6 25 265 145 297 
12 294 137 74 21 230 204 207 22 118 98 223 59 
10 148 56 38 232 28 68 83 126 272 274 
13 136 218 261 284 271 61 140 16 196 141 252 279 178 
15 290 187 267 226 277 128 217 258 237 147 93 5 78 17 77 
6 60 96 121 262 189 165 
11 224 111 160 131 139 31 55 142 30 69 257 
3 214 295 163 
3 146 236 10 
5 209 90 201 71 247 
3 3 283 292 
8 170 48 101 155 154 97 52 130 
7 177 76 287 248 266 182 153 
4 192 240 49 183 
3 228 84 169 
1 256 
4 206 37 173 132 
2 278 149 
0 
0 
0 
0 
0 
0 
0 
0 
0 
0 
0 
0 
0 
0 
0 
0 
0 
0 
0 
0 
0 
0 
0 
0 
0 
0 
0 
0 
0 
0 
0 
0 
0 
0 
0 
0 
0 
0 
0 
0 
0 
0 
0 
0 
0 
0 
0 
0 
0 
0 
0 
0 
0 
0 
0 
0 
0 
0 
0 
0 
0 
0 
0 
0 
0 
0 
0 
0 
0 
0 
0 
0 
0 
0 
0 
