60 0 125 158 236 308 436 558 597 717 786 860 922 990 1080 1138 1185 1276 1318 1463 1584 1612 1755 1848 1971 2059 2158 2204 2280 2390 2499 2618 2710 2805 2932 2988 3027 3102 3216 3288 3341 3416 3474 3591 3631 3731 3774 3868 3921 3972 4057 4154 4233 4307 4401 4437 4523 4591 4637 4771 4907 
60 1 153 217 254 300 398 469 539 702 848 945 1062 1169 1236 1348 1423 1456 1576 1687 1748 1859 1896 1959 2031 2098 2148 2261 2320 2341 2426 2458 2517 2586 2717 2865 2997 3037 3093 3152 3249 3353 3425 3506 3632 3741 3867 3918 3999 4044 4101 4159 4272 4316 4343 4390 4460 4564 4666 4774 4914 
59 2 154 302 382 453 487 506 531 585 683 796 885 939 1063 1165 1265 1376 1449 1522 1558 1659 1705 1846 1943 2056 2135 2215 2391 2474 2514 2561 2678 2778 2822 2906 3002 3129 3241 3284 3376 3419 3495 3561 3622 3707 3746 3805 3878 3962 4048 4125 4186 4317 4399 4465 4568 4639 4733 4828 
58 3 167 253 368 461 560 575 684 765 852 1026 1111 1180 1270 1358 1442 1481 1539 1556 1601 1688 1773 1889 1994 2058 2184 2277 2398 2477 2563 2672 2740 2801 2867 2924 2967 3065 3191 3223 3266 3330 3395 3529 3611 3733 3820 3872 4022 4096 4180 4256 4387 4474 4538 4620 4724 4803 4832 
67 4 88 124 197 274 338 456 523 578 617 727 831 906 1067 1130 1246 1292 1320 1374 1472 1563 1664 1746 1805 1868 1923 2008 2087 2164 2274 2425 2447 2591 2652 2767 2799 2864 2886 2980 3090 3115 3126 3180 3252 3302 3334 3422 3510 3577 3597 3665 3696 3768 3844 3877 3912 4023 4098 4171 4248 4357 4444 4503 4580 4679 4800 4875 
59 5 131 203 285 355 415 480 555 626 663 790 933 1079 1219 1353 1435 1549 1648 1737 1781 1857 1911 1953 2101 2153 2283 2343 2435 2542 2670 2785 2868 2915 2982 3075 3144 3227 3305 3375 3455 3511 3587 3737 3788 3856 3976 4039 4108 4158 4241 4304 4376 4490 4555 4600 4721 4802 4929 5676 
61 6 119 193 280 430 467 567 653 695 731 851 924 974 1015 1131 1203 1309 1434 1540 1607 1654 1739 1817 1919 1989 2079 2136 2180 2282 2327 2399 2473 2503 2572 2660 2746 2826 2926 3003 3128 3201 3335 3459 3549 3616 3713 3766 3854 3928 4005 4128 4215 4300 4324 4375 4519 4589 4658 4734 4782 9514 
59 7 155 290 375 422 507 592 665 697 775 839 929 993 1077 1235 1301 1362 1396 1511 1580 1626 1725 1791 1891 1948 2070 2196 2294 2392 2497 2587 2691 2809 2923 3063 3228 3338 3350 3392 3417 3532 3615 3655 3716 3778 3939 4018 4038 4156 4193 4220 4342 4451 4488 4553 4649 4693 4752 4884 
64 8 100 116 233 294 337 412 491 547 616 637 735 785 868 925 1045 1118 1215 1290 1383 1421 1504 1596 1668 1763 1812 1854 1909 2007 2121 2176 2308 2409 2507 2596 2673 2732 2812 2852 2897 3012 3138 3229 3289 3374 3480 3579 3692 3855 3924 4007 4151 4264 4305 4322 4414 4446 4515 4595 4634 4703 4765 4888 7852 
56 9 176 289 369 450 521 680 770 821 892 958 1070 1151 1199 1286 1350 1410 1437 1491 1600 1729 1808 1916 2026 2132 2242 2342 2416 2510 2643 2737 2818 2899 2956 3049 3096 3166 3222 3273 3373 3509 3669 3748 3838 3993 4110 4169 4229 4352 4470 4543 4607 4694 4789 4806 7038 
62 10 97 141 248 350 401 493 584 655 752 762 830 890 952 977 1048 1192 1303 1404 1546 1657 1701 1786 1881 1981 2085 2131 2251 2306 2397 2451 2495 2603 2704 2761 2869 2945 3018 3081 3145 3226 3363 3442 3512 3604 3689 3734 3808 3892 3932 4035 4111 4207 4242 4341 4377 4422 4479 4597 4657 4755 5245 
62 11 168 211 272 328 409 472 549 600 694 822 884 961 1029 1102 1154 1209 1306 1379 1547 1667 1765 1801 1884 1946 2004 2099 2221 2317 2360 2419 2508 2568 2695 2738 2797 2848 2920 2985 3068 3101 3162 3301 3380 3482 3564 3671 3720 3852 4021 4080 4114 4177 4240 4298 4458 4536 4616 4663 4754 4965 5267 
64 12 150 252 321 420 536 628 715 771 837 920 1032 1109 1258 1380 1432 1488 1559 1602 1678 1720 1756 1834 1926 1992 2055 2144 2200 2296 2428 2480 2543 2575 2648 2718 2837 2931 2991 3066 3155 3231 3337 3408 3526 3568 3635 3653 3760 3862 3943 4061 4103 4174 4239 4293 4353 4421 4507 4573 4671 4700 4793 5002 5258 
69 13 90 137 246 329 383 458 566 648 674 764 846 888 986 1078 1124 1206 1295 1357 1443 1500 1613 1666 1698 1750 1807 1865 1882 1928 1995 2033 2111 2248 2286 2352 2454 2515 2566 2593 2674 2753 2814 2879 2969 3105 3192 3271 3367 3437 3528 3571 3633 3679 3758 3875 3994 4073 4100 4204 4259 4339 4440 4520 4621 4715 4777 5060 6007 7577 
63 14 111 201 293 378 447 562 624 698 805 876 965 1000 1083 1094 1171 1282 1331 1409 1479 1592 1603 1665 1740 1788 1850 1910 1982 2110 2186 2244 2381 2423 2504 2628 2708 2806 2858 2902 3014 3073 3172 3263 3309 3444 3492 3546 3697 3783 3832 3882 3991 4081 4138 4244 4337 4409 4462 4570 4628 4753 4829 5027 
63 15 170 244 344 379 431 518 590 671 767 814 948 1019 1095 1184 1239 1257 1363 1438 1501 1555 1625 1738 1849 1938 1996 2063 2127 2191 2331 2365 2434 2578 2685 2765 2866 2922 2986 3044 3082 3179 3225 3352 3456 3481 3541 3614 3700 3799 3863 3904 4006 4083 4167 4258 4367 4433 4554 4602 4741 4798 4887 4973 
60 16 142 189 266 359 457 510 577 636 759 882 946 1023 1155 1187 1256 1341 1417 1476 1578 1628 1736 1844 1894 2016 2120 2185 2288 2338 2439 2502 2532 2667 2724 2745 2787 2881 2979 3074 3149 3189 3261 3411 3500 3618 3749 3880 3981 4085 4147 4230 4273 4349 4443 4516 4576 4685 4729 4792 5067 
57 17 126 234 345 428 515 635 738 799 849 926 1059 1125 1278 1340 1413 1533 1711 1835 1931 1965 2025 2091 2134 2175 2328 2442 2541 2632 2731 2816 2850 2953 3023 3122 3158 3207 3293 3346 3477 3581 3724 3809 3908 4015 4119 4170 4263 4372 4535 4599 4670 4710 4761 4848 5042 5935 
58 18 107 223 305 362 395 466 572 670 783 873 963 994 1044 1144 1178 1228 1334 1420 1467 1530 1609 1692 1790 1897 1963 2067 2199 2323 2400 2511 2602 2622 2650 2831 2891 3033 3108 3175 3240 3311 3436 3535 3584 3652 3714 3869 4041 4172 4265 4365 4430 4505 4646 4684 4739 4815 4926 
59 19 130 230 304 360 484 610 723 811 896 976 1052 1093 1127 1166 1277 1342 1485 1532 1606 1716 1796 1886 1983 2050 2112 2193 2212 2254 2336 2465 2550 2637 2748 2783 2835 2925 3061 3137 3237 3281 3377 3487 3598 3673 3769 3859 3936 3959 4065 4145 4232 4315 4363 4425 4532 4645 4760 5015 
63 20 148 241 342 433 499 528 588 682 774 858 935 968 1018 1073 1170 1284 1407 1448 1518 1595 1676 1789 1872 1905 2032 2107 2187 2220 2267 2312 2406 2493 2519 2604 2696 2782 2803 2873 2961 3058 3141 3239 3314 3384 3516 3565 3680 3800 3905 3967 4031 4157 4295 4383 4480 4549 4586 4619 4699 4764 4939 6653 
61 21 106 164 188 240 354 464 533 602 661 778 886 969 1025 1115 1201 1274 1323 1352 1424 1523 1653 1744 1821 1937 1966 2039 2152 2260 2367 2476 2580 2665 2711 2772 2825 2917 3008 3076 3211 3300 3354 3469 3558 3602 3711 3763 3826 3889 3974 4089 4149 4250 4303 4355 4395 4442 4550 4654 4762 4840 
59 22 81 115 165 283 348 419 505 608 700 746 863 1007 1086 1214 1327 1414 1483 1567 1682 1778 1839 1932 2052 2125 2206 2310 2376 2418 2478 2571 2676 2780 2832 2894 2921 3006 3095 3168 3251 3345 3454 3523 3605 3684 3770 3827 3942 4014 4094 4213 4311 4407 4457 4530 4642 4696 4769 4825 
60 23 113 220 319 434 556 640 747 897 964 1001 1082 1096 1160 1222 1302 1391 1441 1572 1639 1747 1827 1851 1961 2000 2124 2168 2222 2284 2366 2424 2485 2577 2633 2725 2845 2972 3080 3160 3248 3397 3491 3612 3756 3804 3845 3901 3989 4049 4175 4282 4379 4450 4504 4583 4659 4745 4811 6146 8927 
58 24 135 235 312 402 438 513 605 689 737 842 936 1031 1175 1231 1385 1519 1581 1633 1695 1794 1973 2036 2090 2255 2315 2410 2526 2611 2790 2880 3043 3106 3182 3255 3319 3427 3501 3588 3695 3747 3798 3886 3964 4024 4107 4161 4201 4249 4297 4321 4373 4477 4527 4603 4709 4797 5224 
59 25 96 216 275 386 443 530 609 718 815 845 899 972 1027 1120 1161 1181 1283 1373 1429 1516 1635 1797 1874 1941 2003 2118 2226 2269 2324 2443 2582 2642 2698 2813 2898 2952 2994 3047 3119 3256 3326 3405 3451 3620 3662 3745 3792 3900 3982 4086 4195 4268 4402 4509 4630 4692 4812 8392 
62 26 82 149 273 330 437 564 643 768 823 865 911 962 1064 1121 1157 1252 1315 1433 1512 1599 1656 1724 1814 1887 1991 2102 2190 2276 2334 2417 2536 2614 2677 2723 2762 2862 2914 2942 3052 3156 3230 3247 3331 3366 3519 3559 3676 3767 3881 3953 4000 4092 4197 4306 4364 4426 4539 4631 4732 4786 5187 
61 27 146 207 268 352 391 424 503 631 741 861 955 1051 1164 1273 1319 1454 1531 1594 1671 1762 1826 1968 2027 2103 2156 2238 2290 2403 2479 2523 2595 2681 2755 2855 2909 2978 3054 3133 3200 3282 3371 3414 3504 3590 3646 3759 3866 3920 3984 4070 4155 4267 4371 4435 4541 4608 4677 4736 4923 5169 
59 28 98 195 243 365 442 550 685 721 793 951 1013 1150 1212 1248 1397 1475 1550 1647 1686 1754 1833 1893 2002 2076 2150 2273 2378 2460 2496 2539 2598 2651 2771 2907 2962 3007 3062 3169 3279 3316 3362 3394 3471 3536 3634 3729 3853 3985 4064 4185 4287 4420 4485 4521 4635 4748 4844 5120 
59 29 151 209 284 427 537 705 761 820 930 985 1076 1200 1264 1325 1395 1461 1642 1767 1843 1964 2051 2126 2169 2228 2311 2355 2462 2524 2613 2690 2794 2872 2937 2965 3001 3088 3142 3165 3243 3378 3428 3543 3657 3738 3793 3919 3996 4058 4141 4203 4279 4338 4408 4456 4571 4618 4705 4799 
52 30 171 258 335 423 573 667 755 841 914 1011 1100 1136 1244 1312 1486 1517 1589 1675 1709 1777 1877 2035 2106 2246 2359 2516 2616 2751 2838 2941 2989 3036 3100 3213 3296 3441 3527 3637 3681 3812 3958 4008 4105 4200 4344 4400 4522 4614 4707 4827 4866 
70 31 160 229 288 333 356 425 509 548 657 692 758 844 910 1016 1060 1129 1202 1269 1344 1408 1444 1493 1623 1681 1820 1852 1876 1984 2011 2129 2249 2314 2438 2482 2559 2669 2715 2833 2936 2993 3022 3110 3193 3244 3304 3383 3443 3470 3493 3539 3600 3650 3736 3807 3894 3970 4054 4127 4187 4245 4292 4354 4412 4487 4562 4596 4678 4757 4846 
64 32 127 169 276 374 439 463 496 552 644 699 781 853 957 1071 1179 1250 1297 1371 1473 1571 1630 1674 1751 1823 1920 2021 2089 2181 2253 2382 2455 2531 2567 2594 2700 2769 2841 2954 3041 3186 3242 3351 3410 3453 3576 3623 3685 3719 3830 3955 4004 4088 4134 4199 4274 4360 4448 4518 4579 4626 4712 4807 6103 
58 33 92 166 278 366 498 574 708 750 804 864 927 1028 1140 1280 1360 1464 1551 1632 1745 1880 1954 2078 2154 2247 2335 2436 2540 2641 2707 2807 2895 3009 3111 3199 3253 3312 3347 3415 3557 3649 3757 3870 3937 3971 4059 4183 4257 4345 4416 4493 4563 4652 4706 4725 4770 4922 5070 
63 34 123 192 239 298 349 432 514 581 686 826 949 992 1091 1196 1279 1368 1496 1582 1670 1787 1875 1914 2010 2094 2174 2264 2303 2433 2513 2576 2727 2830 2968 3015 3078 3150 3187 3269 3325 3435 3522 3629 3674 3782 3813 3890 3916 3995 4074 4118 4231 4312 4361 4439 4498 4578 4643 4683 4759 4788 4901 5304 
61 35 136 214 299 426 541 646 733 766 824 912 1020 1050 1137 1251 1338 1403 1462 1536 1631 1774 1841 1913 1957 2046 2105 2159 2245 2305 2388 2481 2569 2626 2734 2793 2857 2970 3035 3139 3290 3391 3461 3517 3572 3594 3715 3791 3871 4019 4076 4212 4336 4385 4475 4572 4648 4674 4719 4817 4991 6420 
57 36 95 180 251 336 475 561 632 687 725 797 834 895 996 1143 1183 1328 1440 1506 1586 1683 1741 1840 1903 1986 2062 2133 2210 2266 2362 2432 2512 2573 2621 2752 2874 2963 3083 3208 3277 3339 3508 3628 3691 3794 3947 4020 4091 4139 4228 4269 4388 4436 4558 4613 4742 4857 
58 37 159 226 307 416 488 586 719 789 843 901 980 1098 1197 1299 1387 1466 1593 1605 1652 1731 1842 1960 2066 2137 2209 2252 2348 2446 2555 2609 2686 2828 2910 2973 3026 3143 3206 3298 3393 3457 3479 3621 3670 3764 3848 3931 3978 4046 4132 4181 4270 4413 4496 4587 4647 4723 4816 
65 38 85 196 361 492 532 587 668 776 838 944 1003 1088 1193 1322 1389 1446 1527 1617 1644 1693 1768 1800 1864 1962 1997 2061 2117 2157 2241 2369 2452 2506 2606 2666 2742 2800 2863 3005 3032 3091 3205 3233 3303 3420 3475 3595 3702 3776 3833 3879 3966 4029 4097 4120 4164 4223 4277 4340 4403 4471 4534 4588 4704 4823 
59 39 89 222 306 394 497 583 720 795 889 943 1009 1066 1211 1304 1431 1510 1566 1660 1733 1825 1940 2022 2113 2188 2232 2330 2445 2489 2560 2638 2789 2883 2938 3016 3098 3196 3349 3402 3505 3550 3603 3664 3785 3837 3914 3957 4003 4069 4144 4235 4319 4393 4526 4612 4689 4778 4874 5090 
64 40 105 200 311 417 474 542 658 716 798 947 1012 1058 1149 1237 1317 1406 1450 1502 1585 1655 1714 1784 1892 1933 1979 2044 2130 2179 2272 2412 2533 2627 2722 2764 2819 2878 2947 3056 3109 3151 3204 3275 3386 3478 3554 3661 3740 3781 3803 3834 3951 4013 4053 4116 4202 4328 4447 4508 4557 4611 4716 4808 4962 
64 41 173 232 357 473 599 645 713 801 828 966 1039 1108 1162 1213 1255 1308 1369 1430 1499 1545 1636 1713 1798 1917 1985 2043 2123 2183 2229 2289 2363 2429 2501 2583 2683 2757 2912 2990 3084 3130 3235 3307 3450 3537 3578 3693 3795 3836 3922 3979 4051 4121 4184 4234 4289 4368 4483 4524 4601 4676 4713 4804 5121 
63 42 94 147 260 377 502 576 656 784 818 836 913 973 1090 1158 1242 1260 1311 1386 1436 1513 1541 1690 1753 1836 1944 2054 2146 2189 2236 2301 2389 2421 2562 2654 2703 2749 2846 2877 2964 3079 3147 3190 3343 3430 3540 3626 3722 3825 3896 3956 4067 4126 4211 4278 4350 4438 4473 4552 4590 4665 4735 4847 
64 43 87 172 301 385 477 557 607 649 714 819 921 1055 1099 1182 1226 1267 1300 1330 1415 1498 1553 1640 1742 1803 1830 1935 2001 2084 2162 2265 2373 2441 2525 2597 2647 2788 2927 2981 3077 3107 3167 3246 3344 3426 3545 3739 3829 3903 3954 3990 4040 4082 4143 4226 4280 4323 4411 4502 4594 4727 4766 4917 8356 
62 44 143 215 277 399 543 654 777 829 923 1068 1119 1174 1238 1289 1346 1392 1490 1515 1650 1708 1785 1879 1951 2042 2147 2178 2319 2380 2469 2534 2579 2625 2730 2861 2946 3020 3072 3132 3224 3360 3496 3525 3593 3663 3683 3790 3817 3915 3969 4045 4146 4237 4335 4467 4510 4525 4638 4720 4775 5035 6919 
57 45 109 175 325 397 481 570 703 780 867 932 995 1046 1110 1208 1253 1298 1324 1367 1416 1480 1568 1702 1792 1873 1972 2048 2211 2307 2470 2610 2680 2774 2893 2976 3097 3136 3177 3245 3315 3396 3562 3647 3726 3876 3926 4026 4206 4285 4310 4404 4445 4531 4627 4750 4843 5885 
63 46 117 183 224 264 323 367 444 501 527 629 681 782 816 903 984 1087 1186 1245 1361 1425 1509 1591 1723 1795 1853 1980 2053 2097 2140 2224 2278 2340 2430 2505 2600 2644 2713 2784 2888 2999 3031 3124 3265 3322 3387 3448 3547 3656 3728 3784 3887 4043 4087 4209 4334 4423 4497 4584 4667 4794 4841 5095 
61 47 134 256 314 413 529 601 672 707 751 808 855 979 1042 1198 1333 1405 1503 1543 1574 1718 1811 1883 1975 2041 2080 2160 2231 2349 2414 2492 2659 2739 2827 2928 2998 3118 3134 3212 3250 3308 3389 3433 3494 3610 3666 3725 3780 3815 3898 3965 4075 4192 4299 4405 4492 4544 4636 4717 4772 6520 
63 48 104 177 205 262 327 363 486 580 706 813 919 989 1036 1085 1142 1195 1296 1345 1487 1588 1634 1772 1832 1871 1922 1987 2057 2081 2223 2285 2368 2467 2552 2631 2688 2823 2903 2950 3010 3067 3173 3258 3358 3398 3467 3573 3706 3742 3895 4042 4137 4208 4261 4330 4378 4464 4542 4581 4660 4779 4826 5285 
63 49 110 190 297 371 449 553 612 659 740 862 953 1008 1038 1132 1204 1241 1351 1394 1457 1492 1548 1622 1707 1838 1947 1976 2020 2071 2197 2298 2364 2466 2570 2601 2671 2756 2820 2885 3000 3087 3157 3259 3332 3447 3520 3585 3688 3814 3860 3938 4030 4060 4189 4251 4325 4391 4472 4540 4641 4708 4822 4837 
64 50 103 208 295 370 526 638 729 807 871 918 999 1084 1116 1218 1230 1313 1347 1426 1524 1590 1712 1764 1828 1895 1969 2096 2235 2268 2351 2394 2527 2619 2701 2759 2815 2875 2955 3046 3094 3203 3336 3445 3498 3575 3638 3723 3779 3822 3923 3992 4062 4190 4290 4331 4356 4431 4495 4655 4718 4780 4819 4904 9822 
61 51 118 184 218 282 346 459 517 669 800 942 1002 1056 1103 1159 1268 1398 1428 1497 1538 1610 1732 1799 1888 1999 2108 2207 2337 2387 2431 2529 2693 2754 2775 2817 2944 2996 3112 3174 3218 3283 3369 3412 3503 3627 3698 3789 3861 3913 3998 4113 4176 4301 4397 4478 4546 4640 4738 4838 4958 5592 
59 52 120 228 316 421 525 618 642 730 787 915 1035 1167 1227 1377 1460 1621 1727 1802 1860 1934 2045 2077 2205 2281 2350 2375 2411 2544 2615 2692 2729 2798 2901 2949 3017 3140 3202 3280 3365 3440 3548 3619 3675 3762 3816 3888 3925 3997 4102 4210 4302 4392 4432 4545 4605 4668 4787 4910 
61 53 144 191 249 376 479 568 623 675 712 757 825 887 991 1092 1163 1216 1281 1418 1507 1583 1689 1816 1936 2014 2119 2230 2292 2354 2404 2535 2645 2705 2810 2856 2933 3011 3071 3121 3268 3299 3342 3463 3485 3544 3624 3686 3777 3885 3941 3968 4068 4182 4314 4384 4428 4506 4617 4743 4791 4898 
58 54 121 202 286 410 500 606 676 739 840 909 971 1054 1189 1233 1291 1370 1419 1468 1554 1669 1734 1810 1921 2023 2049 2109 2170 2239 2325 2396 2491 2556 2682 2760 2860 2948 3092 3176 3295 3364 3429 3497 3599 3703 3818 3934 3975 4066 4124 4205 4296 4382 4482 4547 4653 4726 4805 
63 55 174 199 296 353 452 540 594 651 809 866 928 1004 1022 1147 1275 1337 1412 1544 1643 1717 1783 1858 1925 1977 2034 2093 2141 2198 2309 2383 2486 2589 2664 2791 2887 2959 3040 3117 3209 3278 3323 3403 3484 3586 3625 3660 3735 3819 3883 3950 4010 4077 4148 4219 4254 4359 4455 4556 4625 4737 4796 4864 
59 56 91 162 267 373 446 489 596 679 745 857 891 978 1047 1126 1224 1310 1382 1482 1573 1661 1760 1829 1939 2013 2155 2233 2344 2407 2528 2612 2656 2743 2808 2854 2939 3021 3135 3161 3236 3297 3434 3582 3682 3705 3743 3842 3961 4071 4162 4308 4410 4453 4513 4604 4682 4746 4813 5033 
64 57 83 129 187 279 326 403 476 563 622 677 734 832 874 981 1041 1123 1190 1285 1390 1474 1542 1611 1672 1704 1793 1885 1950 2015 2104 2214 2318 2401 2488 2538 2624 2689 2735 2804 2834 2900 2992 3029 3123 3194 3294 3317 3388 3472 3566 3658 3744 3864 3945 4047 4115 4218 4291 4370 4468 4561 4650 4711 4784 
61 58 102 186 259 343 405 495 534 652 756 812 937 1057 1101 1173 1210 1343 1401 1489 1575 1615 1721 1776 1847 1974 2075 2166 2218 2297 2370 2483 2592 2640 2733 2811 2918 2958 3051 3183 3313 3368 3400 3446 3488 3570 3609 3678 3755 3840 3906 3986 4052 4173 4247 4346 4418 4501 4566 4629 4785 5020 
58 59 93 133 206 315 389 418 524 619 711 772 875 902 941 987 1043 1146 1205 1261 1326 1400 1471 1521 1638 1710 1804 1866 1958 2037 2128 2208 2316 2358 2402 2553 2634 2720 2781 2836 3025 3153 3285 3404 3507 3553 3668 3775 3849 4016 4133 4236 4288 4366 4452 4551 4687 4790 4885 
60 60 145 245 317 400 535 614 688 773 850 893 970 1037 1105 1223 1288 1399 1537 1616 1641 1679 1757 1867 1952 2029 2092 2142 2219 2295 2385 2471 2551 2590 2649 2786 2802 2840 2911 3042 3103 3220 3287 3409 3460 3533 3644 3750 3797 3911 3987 4063 4168 4224 4243 4309 4398 4529 4672 4868 5250 
63 61 157 238 332 404 465 545 662 722 788 878 954 1005 1074 1128 1188 1259 1365 1470 1528 1598 1649 1700 1782 1870 1967 2064 2173 2287 2372 2464 2518 2588 2630 2726 2776 2843 2913 2966 3048 3127 3262 3357 3432 3514 3608 3640 3732 3771 3851 3944 4001 4093 4122 4178 4276 4424 4575 4661 4740 4801 4860 5317 
62 62 152 237 322 388 440 508 613 666 732 879 959 1065 1148 1271 1359 1439 1477 1560 1637 1715 1766 1809 1915 1988 2072 2161 2234 2347 2395 2459 2537 2620 2658 2728 2821 2890 2935 2995 3089 3185 3274 3320 3423 3486 3563 3636 3677 3802 3857 3960 4034 4135 4253 4389 4454 4560 4651 4686 4756 4834 5024 
60 63 161 242 309 334 381 462 516 621 678 779 950 1030 1135 1194 1307 1393 1495 1608 1699 1771 1837 1869 1927 2005 2065 2149 2167 2279 2304 2345 2448 2521 2585 2702 2824 2934 3059 3113 3214 3318 3424 3502 3542 3648 3717 3751 3835 3927 4032 4153 4214 4271 4417 4512 4582 4624 4688 4768 4896 
61 64 163 204 255 310 341 390 485 544 633 709 806 908 940 1069 1145 1217 1287 1402 1505 1569 1604 1663 1730 1775 1918 2069 2145 2203 2275 2356 2463 2557 2629 2687 2741 2859 2870 2977 3039 3104 3164 3310 3418 3473 3569 3645 3765 3909 3952 4028 4130 4252 4320 4386 4476 4610 4690 4781 5146 6591 
59 65 178 250 324 393 451 471 546 604 701 754 827 907 1021 1117 1272 1332 1445 1525 1579 1677 1761 1806 1912 2028 2122 2213 2313 2420 2472 2520 2608 2657 2721 2763 2849 2984 3099 3264 3379 3483 3531 3583 3667 3752 3843 3893 3930 3973 4072 4129 4188 4262 4369 4469 4569 4656 4824 4903 
62 66 108 210 291 392 468 615 691 769 833 883 931 1040 1113 1191 1263 1305 1355 1447 1597 1691 1759 1907 2009 2038 2086 2171 2240 2393 2449 2581 2714 2770 2844 2889 2930 2975 3019 3120 3219 3270 3321 3356 3406 3513 3551 3613 3694 3801 3831 3873 4011 4090 4198 4333 4394 4489 4598 4664 4744 4810 4849 
62 67 212 303 406 520 582 647 760 870 956 1034 1141 1249 1349 1458 1534 1587 1651 1680 1703 1818 1929 2030 2095 2177 2243 2321 2339 2379 2444 2522 2623 2661 2712 2871 2940 3069 3170 3215 3267 3390 3462 3521 3606 3641 3704 3753 3824 3884 4037 4106 4140 4284 4348 4406 4481 4500 4548 4680 4747 4882 6626 
62 68 86 179 247 351 407 441 512 571 595 710 880 1014 1106 1172 1207 1220 1339 1459 1526 1627 1694 1819 1890 1970 2006 2139 2237 2346 2371 2468 2548 2605 2655 2697 2744 2839 2904 2987 3060 3217 3292 3382 3452 3580 3617 3687 3786 3858 3907 4027 4084 4123 4246 4318 4415 4461 4567 4644 4714 4852 7092 
56 69 122 181 219 281 347 478 554 639 704 749 817 894 1033 1133 1247 1411 1561 1673 1743 1899 2024 2143 2225 2302 2377 2440 2500 2574 2639 2758 2882 2957 3024 3057 3131 3234 3327 3370 3431 3489 3534 3659 3712 3787 3949 4109 4217 4313 4381 4491 4565 4622 4783 4835 5361 
60 70 132 227 339 445 522 627 673 726 810 854 967 1114 1232 1293 1364 1422 1514 1577 1620 1735 1815 1861 1949 2074 2192 2263 2326 2405 2530 2668 2736 2795 2847 2943 3030 3114 3198 3257 3324 3355 3449 3560 3643 3772 3823 3839 3899 3940 4009 4142 4191 4266 4327 4427 4494 4574 4669 4763 4830 
60 71 101 261 380 435 589 634 736 877 917 997 1097 1153 1266 1354 1453 1552 1645 1696 1749 1862 1901 1990 2047 2083 2201 2291 2413 2456 2558 2663 2709 2829 2951 3050 3181 3232 3328 3381 3439 3468 3530 3596 3642 3710 3850 3933 4012 4079 4152 4255 4326 4429 4486 4593 4681 4751 4814 4912 9535 
62 72 84 128 221 320 384 454 504 598 650 742 803 898 960 1072 1152 1254 1316 1451 1535 1624 1722 1822 1904 1956 2040 2082 2182 2262 2300 2357 2437 2484 2549 2653 2747 2842 2916 3038 3085 3148 3178 3254 3329 3413 3466 3515 3567 3701 3865 3897 4033 4150 4225 4347 4441 4514 4606 4662 4749 4833 5139 
62 73 156 269 414 448 483 559 611 660 748 794 856 934 1010 1104 1168 1234 1294 1381 1508 1629 1719 1824 1900 1942 1998 2116 2216 2258 2361 2490 2547 2607 2699 2773 2905 2971 3064 3163 3286 3348 3399 3476 3556 3718 3810 3874 3935 3977 4056 4117 4160 4227 4329 4396 4511 4615 4675 4728 4809 4944 9844 
59 74 114 185 265 331 387 455 569 630 763 847 938 1017 1107 1177 1262 1356 1388 1478 1565 1726 1863 1945 2068 2163 2217 2259 2353 2384 2453 2546 2662 2694 2777 2896 3034 3125 3188 3260 3340 3401 3499 3552 3654 3754 3847 3929 4002 4050 4131 4238 4283 4374 4463 4528 4585 4695 4731 5045 
60 75 140 194 292 408 482 538 591 641 743 859 905 982 1053 1081 1221 1329 1384 1455 1619 1685 1769 1856 1908 2018 2114 2194 2293 2386 2509 2599 2675 2719 2779 2908 2983 3028 3159 3291 3407 3555 3630 3709 3730 3773 3828 3946 3988 4025 4095 4163 4222 4281 4380 4459 4533 4623 4722 4836 5957 
62 76 138 198 263 318 364 411 494 551 593 693 753 802 872 904 975 1089 1156 1314 1366 1465 1529 1614 1697 1758 1831 1924 1993 2100 2165 2271 2329 2422 2457 2487 2565 2635 2716 2792 2884 2960 3070 3171 3210 3361 3458 3518 3592 3708 3761 3806 3902 3963 4078 4221 4275 4362 4466 4632 4701 4767 5164 
60 77 112 231 271 358 511 603 664 744 835 916 1006 1075 1139 1240 1336 1427 1494 1557 1618 1684 1728 1813 1878 1930 2012 2073 2172 2256 2333 2450 2498 2564 2636 2796 2892 3004 3045 3116 3195 3272 3306 3372 3465 3490 3607 3672 3796 3891 3980 4099 4136 4194 4332 4484 4577 4697 4776 4854 5577 
60 78 213 313 396 460 565 696 900 983 1061 1112 1176 1225 1335 1375 1484 1562 1662 1780 1902 1955 2019 2088 2202 2257 2299 2408 2475 2545 2646 2706 2750 2876 2974 3086 3184 3221 3333 3438 3538 3574 3639 3690 3727 3846 3910 3983 4055 4112 4179 4260 4351 4449 4517 4592 4673 4702 4773 4845 7124 
60 79 139 225 270 340 429 470 620 690 728 791 881 998 1049 1134 1229 1372 1469 1564 1658 1770 1845 1906 1978 2060 2151 2227 2270 2332 2374 2427 2461 2554 2684 2768 2853 2919 3053 3154 3197 3276 3385 3464 3589 3699 3811 3841 3917 4036 4104 4165 4216 4294 4358 4434 4537 4609 4698 4795 6106 
67 80 99 182 257 287 372 490 519 579 625 724 792 869 988 1024 1122 1243 1321 1378 1452 1520 1570 1646 1706 1752 1779 1855 1898 2017 2115 2138 2195 2250 2322 2415 2494 2584 2617 2679 2766 2851 2929 3013 3055 3146 3238 3359 3421 3524 3601 3651 3721 3821 3948 4017 4166 4196 4286 4419 4499 4559 4633 4691 4730 4758 4881 5424 
