19 84 7119 3410 8020 8073 7086 3420 8173 2817 3685 7221 3450 412 9337 5157 654 1691 7739 3931 
12 88 3167 4346 8420 4475 5359 3092 1223 6409 2639 7246 2591 
18 187 9449 4959 1685 7901 2753 4227 3829 7726 9157 5104 9877 4974 7121 3956 3998 2182 6311 
13 303 9523 3025 2774 4546 5049 5507 8464 9100 8272 6904 9607 7972 
18 474 3564 6780 3527 8792 9815 1963 7922 7916 6331 7508 6681 3186 3455 528 110 9615 5044 
9 568 7911 6139 7575 7216 3152 1654 7771 792 
12 677 8670 3022 7021 1832 72 2721 9966 1174 630 7681 8384 
14 719 7846 7856 4872 5009 6178 5635 5664 8381 4754 6568 1333 5544 8674 
9 1066 8890 9634 7529 9780 9732 3109 9404 5669 
7 1178 3104 993 23 4614 9703 6148 
12 1209 4307 3693 3049 1192 9900 6637 5355 3153 6992 4108 2815 
8 1315 5885 6965 6150 9806 8747 3818 4027 
15 1335 6541 3249 3196 9851 5954 6058 6526 1745 9731 9408 3155 4892 1736 1140 
20 1515 3103 8675 8587 8024 1635 1002 5584 9611 536 3592 9110 1988 8270 2995 1890 2347 9443 5459 316 
20 1543 541 3457 3655 2026 47 8940 3993 2661 8970 821 230 1461 1411 3076 2155 6592 5264 3971 790 
16 1560 7862 7631 475 1553 9272 5632 8339 4562 614 6823 735 5826 8405 9599 8923 
16 1757 4150 1563 9628 105 1179 5301 3282 7368 6854 9218 9605 8966 5414 4726 6019 
15 1992 5649 5535 5409 7387 2115 3673 319 2063 6281 3503 5677 9308 9391 5130 
23 2135 4143 6649 5881 9090 3461 4349 802 4250 3502 3338 3930 9082 8562 9358 4442 7976 2283 9399 522 3415 7603 5718 
12 2356 5341 8271 9649 5510 3334 8823 4028 1910 633 9159 5903 
12 2432 7401 2008 3321 6705 4460 2943 8478 8558 7450 2318 4310 
20 2519 2316 7640 219 7140 9935 1874 4409 7339 8159 4675 1308 9798 7800 7571 1732 8255 3254 3140 980 
18 2571 9675 6424 1784 726 493 1240 8791 102 4605 388 5878 4330 3137 6226 4650 1764 8139 
21 2695 61 7064 3257 9267 7666 6634 2952 1232 9165 4744 7564 8148 5692 7672 6774 5747 9531 7304 3733 4795 
19 2920 6807 9216 6607 9852 6804 9297 7097 7203 9232 1051 6769 4688 1786 9488 9211 1760 1437 3644 
21 2949 6115 4214 6404 4428 6877 697 9805 3512 7690 9761 3326 949 5770 2534 7651 1296 1618 9883 5745 5003 
10 3156 3654 3058 1767 1073 859 3980 3158 2427 229 
11 3253 5716 5902 9733 1630 315 1970 989 9492 9678 1880 
19 3580 2020 4536 5358 2335 6307 3991 8434 856 8546 5550 3449 2994 7886 3920 451 5989 8762 1718 
21 3629 2869 9020 2828 3294 9246 9282 6536 9511 4585 660 5913 8780 4564 2034 4486 9163 5561 3926 1713 1658 
14 3696 1251 9195 106 9553 8691 8017 5587 356 2186 3897 4671 5432 6323 
20 3869 6228 7293 7116 3976 1804 1994 1500 6392 4205 7425 8827 6915 8550 2931 1905 5098 5203 1107 5272 
18 4008 8703 8395 8213 5727 1803 3842 1110 6999 8293 6578 9661 4681 2334 1397 2795 4509 2914 
20 4078 2912 1724 2942 2748 2711 4848 4285 3554 6523 2852 7150 5099 8126 613 1990 1205 2853 7938 8138 
9 4094 2061 7227 3098 3383 3440 1798 9243 5248 
17 4309 8329 8406 610 666 780 1937 9268 8721 8749 4280 6847 8839 5784 9942 7676 2697 
15 4377 375 489 7687 7129 8449 530 6202 6029 2212 6391 1268 5325 8468 8375 
20 4435 5245 1734 9633 665 7579 5069 6719 9836 4714 7488 3328 2400 1058 6675 1329 9791 6022 9759 9876 
12 4525 5860 961 157 5406 2176 4862 6590 8753 5774 6487 3819 
14 4839 4058 1993 7198 7357 5540 8285 8085 6173 8761 872 2563 6761 9668 
25 5018 273 4637 6160 8783 7889 166 6304 3426 5182 7686 5433 3784 2187 353 847 9584 3079 6184 9862 2378 2872 7241 4324 7133 
16 5299 920 3030 4984 1973 7034 1069 9167 8926 2633 7094 9597 5930 2650 8235 4203 
19 5335 6916 2559 5598 394 3311 457 9640 1863 8188 4819 1875 6488 4997 539 4333 8340 7954 5854 
13 5440 1040 6418 7891 9012 4703 1873 9477 8298 1246 6187 7519 3664 
15 5868 1735 6269 8711 6764 4834 7370 3874 7987 3339 6785 8473 1131 6890 4189 
18 5970 7040 1888 9901 190 9920 4717 4477 6861 3962 8920 8887 1621 8305 5873 3934 9067 7112 
8 6002 5086 622 5402 9347 2736 3505 6606 
16 6031 9463 5662 3451 1455 2122 6235 2452 6609 6522 3567 5950 4116 9808 4908 1301 
15 6252 9595 2119 9075 1595 9077 8244 776 4218 9389 291 9525 966 9971 9499 
14 6403 5818 6034 1886 2652 8809 6223 5005 8621 4632 2522 4945 6768 3745 
20 6412 3471 2507 1438 5744 965 6003 8521 4115 3701 1686 5695 6359 636 538 9994 9583 4919 8689 6090 
10 6466 9888 3988 7468 7642 6691 7089 2529 3871 5939 
22 6670 1833 2531 1406 5746 7927 4980 9705 1 4555 7096 2667 7316 4802 7259 6459 8532 5754 5149 1526 5960 5077 
19 6783 222 3281 1815 9046 699 7347 1631 3645 6447 7018 3010 3628 6528 6400 2255 3033 1173 3945 
11 7013 4920 9368 4899 1435 1262 3526 4216 5030 869 2280 
17 7109 8425 5719 5539 572 1453 4696 2702 365 8793 5191 7486 752 9076 7826 6631 4348 
11 7399 6039 640 2248 9754 806 414 8946 6214 73 144 
12 7463 1005 1353 1794 7287 5743 8967 1259 7756 8222 4393 8865 
16 7475 4618 9550 3910 9684 2377 3099 4491 6800 9001 7483 1782 3878 1623 3020 9390 
17 7928 6961 1866 5858 5017 3966 2981 5951 4117 7749 6064 5640 5575 2911 1007 2070 8654 
18 7956 4495 9670 1384 8447 212 9657 2140 3802 3227 6056 6292 3635 1974 7168 6878 995 7568 
13 7965 7561 6900 4877 4223 720 4686 5156 8595 1779 7122 4732 1898 
22 8175 7929 9291 1228 3601 9078 7373 266 1245 9570 8220 1045 3007 490 4582 7454 5217 1851 6144 1080 7955 5894 
16 8292 29 7709 8021 6951 1260 1272 922 1587 8597 5557 3228 2086 5039 3404 1956 
12 8310 3855 2941 5971 3608 531 6622 3013 2030 1706 1594 4883 
21 8640 2986 9698 8787 7993 328 4154 3795 9345 6480 4195 7873 7501 4473 5484 5739 7408 1704 8684 1350 3857 
5 8773 8835 6610 2772 8211 
10 9313 9799 8342 3276 6752 608 839 8088 2139 6533 
20 9393 372 1528 554 3697 5387 6740 7255 9579 9357 2766 912 274 3613 3336 7175 3711 5588 8195 4695 
23 9707 4894 957 6843 9864 1655 7548 9263 1412 1429 3997 5708 2909 8646 304 5420 8442 7591 132 9745 4416 6693 391 
17 9913 9406 5602 8035 2924 5526 9911 6838 5527 8516 4237 5326 124 6766 8267 296 2090 
4 2465 2384 9251 2617 
19 9976 8962 3239 6044 1372 6747 4233 8309 9382 8856 9819 1676 244 30 1810 235 8906 5877 8330 
13 4379 9121 2059 4626 8810 7032 7596 5266 1928 5814 9432 3128 7537 
17 3607 1664 4882 6767 1492 5990 1697 3263 6340 233 4211 3078 8729 7201 8592 5461 4242 
15 5497 7913 7451 2635 7994 1263 2075 137 3610 4543 3902 999 2876 4240 9601 
14 9847 2576 3692 2297 6856 4046 808 5176 5102 3352 4765 2616 750 2865 
15 8878 3579 7567 9743 9527 9737 4617 7822 6345 1448 9029 6486 7853 4210 5573 
18 9752 55 7141 7088 2838 200 3557 6739 5453 6313 382 9849 6231 8931 2936 4678 1478 900 
28 2735 3371 4687 5027 6123 8104 8224 8637 5303 2551 9539 3648 5514 6910 2154 9490 1953 4535 7076 4097 3000 3713 3497 1258 9953 3275 421 4185 
7 9084 7229 5991 3609 1092 593 4530 
16 7429 9283 8184 7867 5684 1603 8105 5364 8141 6027 9961 9115 2223 1158 1619 758 
10 7657 8102 2536 7804 3165 8048 3769 8625 9296 729 
19 4090 8204 8489 7180 9685 3430 1313 3199 3537 2654 2884 2330 7940 684 525 4755 8712 4545 3637 
24 3442 583 7188 7028 3329 1564 6718 6903 9738 5375 4326 9928 2565 3075 5353 9247 1416 7917 3059 8084 2363 5788 2830 2554 
8 5693 9411 6656 6199 4935 5205 9927 7566 
10 672 1135 3026 809 5000 2553 571 1172 1868 4277 
17 6822 297 4056 1170 4781 1090 7779 1762 4221 1029 467 6539 7400 6229 270 6889 5434 
18 4494 3168 3005 5034 2455 2783 4003 2781 8523 1985 659 7474 6905 9420 953 5556 3832 7760 
22 549 6456 3546 1113 5890 248 5757 4482 6703 4709 9652 3173 2636 7062 7646 6174 983 8900 8269 299 3349 5449 
21 9619 5304 8189 7329 2566 3833 4139 2673 3785 9222 3731 3561 5804 1624 5482 3178 9119 5438 7589 4354 6492 
22 1305 734 2327 2641 271 2782 9485 1634 5690 6422 2790 9950 1639 8598 2631 2344 9957 344 7670 5884 4556 7814 
18 9563 9187 9405 8209 7082 3603 69 172 9064 6026 3190 8094 5298 9482 2281 1061 9591 1813 
16 6263 8840 19 3651 7346 4396 9438 2057 3127 7262 1850 8281 5035 8322 7989 7611 
16 5192 4829 8536 1504 2179 2417 8627 5470 171 7313 941 5128 347 5010 3407 7617 
20 3055 580 1860 8274 1233 6575 6512 2984 2045 5021 8027 5999 2844 8863 738 9807 6918 4680 4401 7163 
20 1097 6724 7810 2714 4833 9869 4826 9524 1884 3970 7907 3946 1541 3963 8775 6830 5645 605 2251 7813 
19 4601 3149 5343 400 9011 951 8989 9180 5838 3839 9612 9980 8743 255 7326 9967 471 3809 2098 
22 9003 585 4098 5615 2928 8574 565 854 8110 704 9458 9424 9639 2125 8961 9239 3960 2149 3642 8723 7696 9960 
18 2247 4066 6654 6110 6004 1221 7226 9419 7448 9962 9028 5323 4561 2694 134 4419 2487 6291 
15 2015 5393 2180 6270 1062 3624 215 5026 9542 2789 7345 2127 143 9690 12 
12 4742 4842 4586 5948 6457 945 9666 2718 163 2929 1825 6944 
20 700 2429 1879 4648 2657 5516 4973 8795 161 3290 4356 5031 5101 8819 6617 7753 1089 79 6700 2880 
21 423 1978 1332 3575 3572 4109 5282 2036 8445 7276 9812 7197 8659 1420 518 4251 1567 2354 5333 5549 3388 
20 8518 741 6913 1024 6296 7102 7883 8367 7912 2505 7081 8820 2359 7024 7124 6432 5707 7181 8866 2210 
20 1273 8520 6329 3024 5748 6942 210 6023 7682 9234 5310 4584 9724 8460 6397 9865 6310 9417 5685 9792 
12 8731 8578 6125 9288 8026 2479 4533 5919 5456 4022 4399 5874 
17 6689 6198 6694 8302 2520 6875 8338 448 5627 5291 4990 64 2173 3895 4301 8778 7111 
20 9514 5381 8086 109 9974 6410 8915 98 5650 9897 524 1911 3977 4440 836 3237 1606 5570 1360 7437 
8 2720 9979 1838 3758 5541 3816 4291 7110 
20 7861 8728 3667 3147 3565 6882 1117 9328 2874 6253 6726 26 7723 6588 1648 7526 526 1336 7489 1207 
13 3090 8559 2278 6912 3050 6279 4828 1292 3854 8064 1772 6286 641 
7 713 6633 7948 1643 1380 8507 8091 
10 6277 6321 1977 6505 6945 5850 6623 5842 4474 3858 
9 5934 2418 7256 1164 1375 4640 7348 2521 1479 
9 6901 2313 3358 9381 420 2022 8964 2993 3069 
14 6815 9626 6189 9473 6168 9543 6922 507 9710 8719 9541 393 2822 5753 
23 7070 8509 8736 2784 5214 9144 9804 8403 374 8617 4105 7498 2557 8307 1034 2719 8006 6837 3954 1881 4484 5395 9753 
12 4679 9813 4636 7143 1428 8344 8165 9664 7023 1404 7833 5659 
9 5445 4644 9030 5701 397 5534 6591 868 8171 
17 1105 3317 8882 1583 4552 2192 2468 8218 9643 6318 3244 9522 1083 4783 6934 6300 5988 
16 2883 3008 4706 2422 1054 9926 5566 7683 5012 657 9044 2437 631 7597 7964 2322 
13 3817 268 1227 7320 2963 4910 3381 4398 9978 9958 9663 7559 1452 
9 9305 5222 5808 8426 7465 306 4916 955 4729 
17 4059 2944 6493 6255 4107 6538 7191 876 7014 4074 5072 1011 205 1244 2704 265 8260 
18 1138 6361 789 8892 5621 8194 3102 886 2156 6793 495 6697 5595 7038 9069 9005 8089 9334 
22 5324 4788 2324 9691 3068 1518 4602 9949 6896 514 40 1692 1960 612 6423 243 2433 5916 3048 8036 1938 3781 
9 1867 3647 4403 4620 470 6154 7126 5531 818 
20 4758 8564 7156 6558 9401 7638 284 2245 6119 9262 8101 454 2052 1071 6891 1622 2894 7851 9854 7044 
13 311 9874 4099 379 8109 1688 5385 9533 1446 858 2120 6520 5476 
13 6381 7849 2166 6164 6245 7668 7479 7558 3901 1785 4567 8276 7953 
9 2917 7716 2527 1611 5987 504 644 5688 20 
18 6706 6662 4437 5006 5025 9830 6984 5495 7309 8542 3694 3182 8304 2545 2820 8230 3224 8594 
18 7957 8698 1773 1588 135 6742 8831 8529 6484 2525 9624 4272 8881 7974 609 2372 3698 3422 
24 769 113 6502 3596 8376 8713 1995 318 3036 5853 990 4270 5076 1532 1392 880 7178 9460 6130 3700 2158 603 6792 2610 
11 519 3743 1447 3640 3891 4836 1381 1720 8409 2165 9387 
21 5717 3236 9768 6756 3866 3411 6352 4938 9341 3062 459 352 6684 2024 7402 4621 7371 7295 9271 2878 5198 
11 4071 3333 8158 1030 5554 8410 4629 7411 6344 2346 2625 
8 606 5161 3245 2788 8346 3066 506 4887 
15 8708 1194 7379 8116 3085 5329 3121 4964 242 9755 5109 8714 9145 9567 5179 
19 3549 6529 8739 7975 1904 7662 6643 969 2898 1709 3967 1781 2396 4165 3820 3087 8751 6417 8572 
20 7499 8179 3409 7224 2904 4207 164 881 7769 2948 2796 692 5016 9148 3917 6611 5961 3727 1288 3860 
18 1776 1883 8566 8040 7172 2235 761 9199 5962 5824 1539 1840 6452 7788 2785 8828 1238 2096 
12 3307 2296 5491 5721 4088 7494 9546 5553 4212 4983 3080 3346 
11 8477 7455 5213 8586 1267 5955 3453 3775 8303 914 635 
19 6663 7711 9544 9503 3921 5917 348 9858 396 1004 1934 8764 5216 2204 6860 6586 9178 4269 7834 
11 5235 8965 2323 670 8692 4368 619 6791 3563 1694 3322 
20 5300 6794 7512 41 168 950 6985 5241 546 7805 3754 9322 5314 9428 2197 7706 9059 2638 5776 3041 
23 9409 9820 5654 3188 3108 4016 8575 9037 7595 7274 1391 5610 6619 1499 8264 7582 2739 6545 1829 8818 49 8910 1823 
21 8950 1013 6206 9385 4558 5783 2207 8324 3247 9228 8416 7865 8974 6444 4188 1572 3927 2469 8499 6302 3780 
13 563 9105 1048 8099 8963 9534 1525 985 1548 1036 3890 6933 2770 
10 9679 3708 1797 1946 5313 8513 8526 2342 6011 3792 
17 768 3459 7446 3885 9538 9981 9833 4965 7145 3432 3847 3235 855 1358 1615 7283 2786 
14 8758 3865 7245 2979 8981 6268 7926 8544 6679 6124 6632 4005 623 9311 
8 4855 8227 7604 4737 4402 8321 1972 9776 
22 6831 1407 2079 3170 8203 5920 5240 4615 7456 4776 1166 7407 7796 9783 5097 731 6525 9204 2701 8012 1808 5224 
20 9325 8149 739 6849 5369 2539 4246 7934 6537 9972 2360 6932 2977 5284 2003 6388 4926 8802 4968 8939 
20 3444 7186 4885 2143 825 3915 5107 2585 1169 6832 6925 777 9240 4235 4067 3484 4517 2499 7623 1374 
9 5769 2589 2123 4815 8192 6301 5893 1708 702 
18 9140 8458 7319 3083 9951 4493 7315 8510 9592 2309 543 5117 5925 1696 8522 3884 1127 6250 
17 4948 8902 9871 2409 8504 2831 3532 9822 7680 2561 7939 3630 7844 7485 2252 2606 6919 
14 117 8029 3029 9744 7152 7282 6243 3271 2037 1236 201 8234 1919 1285 
12 6695 1414 3148 3951 5332 9457 384 1322 9895 2488 3287 6461 
13 3555 9166 3990 9412 9631 2497 3319 1529 281 441 7979 8716 5596 
12 3578 7312 2568 3498 8481 5061 8153 5966 6314 4448 3063 4700 
10 5424 7318 2603 8484 7325 3434 6230 51 2361 234 
19 7952 4583 3067 9316 4673 9702 8176 6062 8407 8603 6134 9085 517 1035 2038 2824 8053 899 8429 
15 24 2424 4387 1625 5285 3475 3370 3082 8273 39 8237 202 4219 714 3824 
15 9581 7020 5517 7574 615 1792 8155 4880 2320 425 7793 4358 8475 5956 5979 
19 1269 2118 9620 1557 3732 5050 2745 5008 2630 3846 7507 4890 7734 1289 7233 5454 246 1213 5798 
17 6952 7230 2626 7637 2973 933 9065 6589 6197 9299 2218 594 3448 8461 1347 9606 1958 
20 7877 8055 6741 128 3717 8653 9832 6762 3657 6808 8428 7091 7046 449 1749 4191 4095 1149 3369 3522 
22 7799 2436 4502 4153 8766 8995 6280 2406 9566 4784 1368 1876 6047 7819 1519 9683 8623 1577 3302 6872 8503 325 
16 9207 7398 6924 277 4080 5816 3038 1331 6672 408 592 6289 2858 8132 8707 8251 
17 4873 1959 7874 9681 8876 6407 1081 8851 9859 6443 2370 2308 2389 7105 5142 182 6273 
18 5227 2642 1986 9512 992 9276 6066 4236 2229 1591 17 5789 4118 9332 8467 2353 8232 8301 
7 567 9320 4665 6836 1628 8042 2660 
18 696 6765 7602 2338 9130 5837 2395 3909 5074 7754 5379 2144 1187 2974 8365 2987 3914 763 
19 477 1218 2031 5656 5344 1721 6161 8125 8688 6779 8649 3150 8061 1361 3771 6194 7300 3872 6991 
15 7435 4164 502 9549 3047 354 292 1143 2373 7973 681 1895 4922 7214 5647 
12 5218 3947 718 9353 832 4643 9394 9019 7615 8124 3576 86 
17 6485 4455 2649 4405 4749 871 8998 3211 6775 8755 4881 7820 6086 3151 4991 9339 5937 
18 7864 8978 326 2305 982 7386 6274 3499 862 576 2364 6790 2733 3318 5912 9898 9956 9290 
16 3918 5295 2992 2181 751 4593 7068 4871 5959 6974 7904 1901 4102 4500 446 5404 
11 8932 1530 1208 6251 4263 9919 4950 6175 416 9058 8308 
18 1637 4255 7737 5756 9617 2857 2270 3507 7547 1253 9181 6464 7 8455 7593 1552 5460 406 
19 658 4635 6265 5711 4806 8951 5622 8800 6865 2264 9983 695 9083 3674 5349 4936 4192 7836 3984 
9 3540 1527 2537 4869 607 4070 3256 8934 8123 
7 6745 6454 7275 3570 6240 4075 2430 
18 1512 9890 7000 4587 5674 9481 254 4498 4085 1255 8383 4978 5320 3523 4961 1659 6096 4296 
16 2233 3354 1326 5228 4256 6587 7829 1891 5909 8997 3074 954 4488 1575 2764 2130 
18 7114 8207 4404 849 4318 2613 2011 2966 2958 5268 1075 3242 8221 3223 7625 1366 1726 9472 
13 7612 9627 5562 5660 3661 4518 3011 1743 7107 7388 6988 3464 4054 
13 7108 5187 7414 5768 754 8177 129 8427 4513 2666 5974 1662 1408 
16 8557 435 5663 4245 5366 1459 8491 5411 1590 7708 6530 5270 6577 664 746 2138 
17 2738 7546 95 2442 1365 5994 5941 8511 2938 2438 3145 5258 5633 781 6760 8238 9198 
15 1609 5771 6338 2261 6809 46 5679 6036 5249 4351 3195 2282 9509 8949 8717 
15 817 4507 6021 313 6956 1942 7516 7898 153 7520 9170 207 573 6136 8861 
10 1605 3821 5699 4666 5642 2930 1846 2477 6416 492 
10 1323 6192 7580 935 5371 7918 6651 5946 5354 7008 
10 3197 7314 9586 2787 6380 1523 7301 4775 6238 6600 
11 8290 5626 2799 6216 6336 5279 9741 8815 9884 7288 2486 
6 9402 730 5120 476 1822 7183 
16 3826 8588 9947 3680 4652 3940 249 5670 8067 4454 3577 5463 7845 4751 6285 9850 
16 8262 4761 5732 66 6013 7971 9221 3212 6733 8822 4674 1950 192 8777 452 9650 
16 4693 4863 984 3949 6283 9632 1531 586 4651 8524 547 8845 7244 411 7039 1084 
13 4208 1206 7636 1417 8746 9659 3277 9162 8927 8846 2475 7878 108 
9 5237 199 2000 7162 2797 9284 2541 6509 7035 
13 2538 6711 2112 141 867 1748 9479 1753 1824 4579 3132 3350 3533 
9 6658 3830 4011 5302 743 2750 4812 4315 5538 
17 9052 8254 9654 4481 4966 7633 5764 2246 7231 9767 3979 5419 7721 5363 9126 7290 2238 
3 9985 1399 1277 
19 4260 9045 9769 6563 3879 7534 2220 6179 3811 9056 866 8811 361 5568 1925 5918 6828 1202 3378 
17 4414 5887 417 6615 9537 9647 4858 5221 4470 581 5195 2371 5542 4271 747 480 9336 
13 9452 6420 9557 6272 2368 1016 8366 1383 6846 6543 5078 4972 6349 
15 9128 3073 2216 3119 3117 4989 5700 816 8108 3660 7969 2752 6354 1086 9215 
19 7210 4875 3191 422 7730 1098 6460 7389 2621 7935 4809 9480 3568 3525 7997 8333 8352 8648 4803 
16 8459 975 601 9190 92 6089 8493 7998 6306 3045 9470 7385 8528 6687 6770 4308 
15 7471 2399 782 1175 3232 4119 2054 9324 1317 2532 28 2091 6976 6358 2145 
14 6884 2717 4639 5481 6866 5004 8669 3283 8196 3804 6867 5935 131 5046 
19 2357 9286 9104 5620 9450 4953 7811 4699 118 6727 819 3428 8299 5805 5339 5397 8633 6153 2321 
16 5875 3105 7323 2731 8615 1152 4384 967 4406 4539 4168 1229 2010 3517 3716 8441 
5 7704 1200 2425 9002 5982 
17 3208 8157 2605 9071 1733 6597 883 9441 3894 5786 7497 7725 6037 5418 8611 9555 8163 
14 1651 6645 2776 5847 2875 3476 3269 2945 2189 6995 7752 8417 5177 9999 
14 627 4299 956 1430 6989 6156 9379 6743 6353 7340 5589 7767 8454 7219 
10 9996 9349 3465 958 3142 185 3385 2202 7539 4918 
11 1593 428 3840 2754 8030 4213 7453 5597 8880 7307 3172 
10 7553 1640 9680 8796 8421 952 5033 1790 9208 7147 
19 1984 7430 7870 1386 4101 3057 2482 4063 5603 2164 387 6680 4547 7583 6055 5331 4599 2307 4305 
18 902 3602 1252 671 1294 6247 5260 7222 3039 6926 2340 8068 7377 4900 784 9465 2103 7002 
15 9137 3462 4830 330 2044 1211 2515 8843 9908 3201 2358 7832 3481 3246 5269 
6 8848 7196 4986 2288 8569 2961 
16 3138 9289 7665 2388 2023 484 8400 5122 386 3551 7720 8905 653 3189 9013 7374 
8 8435 5829 9735 2473 4588 2851 8685 9766 
16 4511 1997 9018 241 5579 6491 9264 7167 21 6820 77 4745 2097 4577 9309 1060 
7 2006 9696 6474 2352 6009 5803 9377 
18 2899 6360 511 9182 5815 5452 2846 8186 3924 1395 7016 8076 8286 6295 5609 4760 667 749 
8 2512 6327 8868 8128 6652 9429 2076 2053 
6 4537 498 7698 529 7135 6544 
8 864 6413 9135 8665 1859 9496 6868 7909 
10 6735 3193 508 9366 9863 8336 478 8041 8497 2902 
17 8699 9944 4064 1111 617 9889 4400 8560 7187 3751 4009 534 3376 226 2069 7349 2908 
16 842 1276 2518 6818 9118 5382 130 3285 8650 5389 4407 5357 6249 5215 7518 4181 
14 2791 6473 3114 1627 5124 2343 3293 3399 556 3670 4178 7776 9294 383 
19 5572 9795 7382 146 9127 7344 8667 544 5462 2713 4487 3536 6754 3545 2555 6759 1157 2114 9061 
13 7104 4048 2209 4851 8725 4316 7265 5524 6661 8781 9794 1801 4540 
16 8323 9562 4658 1215 2802 691 5702 2121 6319 9142 4578 139 9258 7828 971 3633 
16 3384 439 8991 2741 708 4130 7629 8798 7806 4033 9113 4000 220 6964 5410 1837 
10 3160 7876 656 6648 9392 8968 1136 7509 1043 8008 
7 5112 3490 4411 959 3504 107 4186 
15 2426 8816 9179 8742 643 4638 2040 4472 740 8986 7419 4573 2002 2450 4778 
16 5487 419 1843 4297 9497 3345 189 1561 6146 4647 1933 7012 2868 3301 7487 9648 
15 1689 5158 3636 7010 294 4163 865 4722 7462 4569 2237 1056 4193 3886 5362 
19 5060 9487 1508 2464 5457 2095 1896 1008 7542 2607 3070 1819 2325 6142 5506 6935 36 6390 5731 
17 6851 4228 7193 2665 4497 8257 7830 275 6406 6542 5722 4631 1183 5346 7426 7946 8879 
2 1852 2573 
13 4352 7732 5725 3556 6953 453 1382 9431 7480 6690 6330 3922 3110 
13 9191 1723 5503 645 1182 2969 8987 857 3308 1283 9091 213 9515 
13 8629 2132 5267 1181 1768 8895 4106 9697 9423 9323 2890 2968 8275 
14 5856 2881 7211 6182 9033 5169 1297 1924 2933 1130 3982 2615 764 8152 
4 9459 395 8943 5592 
3 3202 8345 3762 
17 9087 4807 267 1222 3194 5082 4441 7176 2104 5880 5139 5577 2494 7855 4015 7053 5895 
10 1100 1503 4520 8500 2685 9699 5412 8942 5499 6750 
18 9306 8803 1601 3663 2033 6346 3524 8214 8160 8289 7538 7944 8317 888 925 8658 410 8519 
14 8774 1580 5593 9604 8103 2804 9155 8004 771 1351 727 1730 1076 9921 
5 6377 2612 2454 6355 5048 
8 5500 7554 2333 908 3305 2513 7809 4425 
15 5698 1550 2663 8353 6163 3621 3862 929 1612 2863 3689 7798 7932 3431 1216 
14 2915 2896 5799 8151 97 2921 6104 9231 363 8972 4837 625 1878 1663 
16 4170 655 2382 2997 8037 1415 9388 5451 6683 4012 4660 5681 4122 8202 60 7166 
12 3849 4613 1684 6927 2919 4300 9963 1338 5372 8788 7160 9749 
11 3424 7243 5347 6357 7019 674 5995 3225 1740 4041 1191 
8 7677 6316 4656 4595 1537 7812 5619 9287 
17 8277 6475 5428 5170 5045 3258 4244 6157 2808 3241 7100 6014 2257 3125 2188 1788 2224 
16 8979 5777 4705 8530 7209 767 7532 2025 8540 5529 5943 6224 1400 9206 1495 757 
19 8715 290 4029 5866 403 4274 2043 5630 7755 7750 4692 8169 276 5778 2269 9201 7481 390 5311 
6 499 4415 1566 5490 9253 4383 
15 2742 4050 3270 4372 2304 7643 9073 2645 4073 9212 3844 2029 5775 1128 2836 
18 2293 3544 7337 3215 7729 2680 1466 8450 936 3447 9727 8567 5607 2331 9365 7390 3274 1653 
15 4200 4225 6430 4024 369 1197 1715 2595 3473 5396 1025 5119 5828 4563 5150 
10 7428 5957 3807 559 826 9641 8316 4456 8883 6527 
14 7585 5712 5234 6969 5088 115 5219 8446 5094 6038 4982 9017 5468 923 
14 892 3632 7884 85 6946 8953 4634 9644 9758 7505 5274 2405 1385 6099 
18 1674 6550 4940 2105 4123 843 5123 4019 9006 909 8325 974 3412 1249 418 5037 4363 3458 
13 5710 6128 2999 9138 3439 2547 890 8741 6495 8387 1155 4492 8174 
17 2523 1491 3112 4544 4607 2394 2314 4884 8661 7718 3452 3485 1483 8423 204 1425 9545 
15 6068 2440 8772 1647 9410 2160 5116 7037 4824 9843 8565 3081 3427 5435 3238 
11 1778 1325 1468 53 3707 5980 336 4151 140 6368 840 
9 6786 9925 8638 9293 2367 4923 7144 8837 7281 
8 1489 7236 2856 4065 4838 9674 6448 7950 
13 4084 2825 2240 5792 4773 4625 5512 8495 3419 570 165 4392 5055 
12 6155 6498 1474 81 7271 52 8807 1328 8872 1818 9489 1549 
15 7117 1186 8937 8973 2810 4397 2191 8031 7447 2980 4341 44 1379 3626 797 
8 3176 9483 7659 6351 3558 8100 8797 8980 
16 9495 5779 3789 6196 9645 7113 9844 8097 5801 2749 7302 9786 9034 6278 6702 3987 
10 5466 9575 2250 9751 4371 5835 938 7842 3392 5478 
14 6239 8614 1667 4764 494 1872 1203 9302 9943 4262 331 8885 7059 2170 
15 513 8093 3414 3493 7535 8018 2693 6363 8738 8829 6869 7185 7688 5407 5760 
16 661 6012 4957 6871 3205 5910 9667 3761 8911 5694 8841 4468 5115 1927 4766 6246 
16 6159 4720 5511 2077 1046 3482 458 1638 6696 3323 6612 9318 4438 8859 4542 9484 
13 2230 6186 3116 8259 7513 7770 5062 9593 8476 6490 8215 1156 2888 
10 4467 8695 8935 2700 7786 8704 3658 1153 913 443 
17 9274 5212 6749 7434 9576 8938 3867 1248 2901 7620 3213 3300 3379 6827 6626 532 9771 
10 873 9177 6880 434 1926 3389 2493 9413 1507 5439 
9 2975 4657 7092 9273 7941 2866 257 9931 6434 
12 6053 1777 5135 1369 6374 5014 3086 9250 4670 6065 2628 1254 
8 8548 9252 4853 973 8907 1274 7338 176 
9 6455 5686 7492 1281 2291 9346 5002 5467 58 
16 874 6567 4035 8806 461 1947 6963 1396 1337 4032 8015 2871 5505 1161 3978 4197 
14 1421 4645 2362 715 2174 3905 4893 2546 2148 4771 5110 2953 1542 4691 
4 7768 6503 5091 4023 
14 4112 9109 4786 3315 4114 6824 2175 1125 5796 6079 6315 1462 4129 1935 
18 3773 895 907 7169 8164 1820 3782 5073 3115 1714 1116 9086 9448 5832 3911 4813 4445 9938 
15 7792 7572 7277 9610 5724 5914 3597 6436 1964 5068 8436 3730 5144 9439 5817 
9 5189 6000 6305 2404 4006 5767 8744 8677 9600 
9 4575 1908 9613 3477 6893 5100 4559 3948 2939 
7 8370 846 6584 3760 9716 9568 8636 
10 4194 3585 6771 4704 1239 2602 8058 3210 4329 7264 
11 2957 3605 152 7208 1352 3393 8014 9143 9230 7189 9914 
18 9556 596 3906 2434 4798 4089 6930 9074 3752 3356 5992 5625 1373 6555 8634 3273 9922 4446 
8 3291 7745 4038 1814 3234 9653 7358 4580 
15 2511 3666 6966 3124 1256 8300 3798 7924 3547 366 103 940 2728 54 5749 
3 5480 3031 1426 
10 368 9440 4912 1291 9946 6667 2267 5736 3324 1293 
15 3989 8554 6446 7663 9842 3669 8687 3691 1389 9826 7743 3413 262 6817 3035 
16 1142 4376 2600 1496 2355 286 1188 7006 151 78 7354 1836 8392 75 4931 2287 
4 7355 7715 261 7773 
14 5089 4202 7174 9475 4503 8263 2407 3496 9351 5384 6126 3171 2258 5836 
9 1363 2041 5036 5043 8909 9027 4449 5155 1626 
16 4196 977 3433 3181 716 1598 7305 6806 3714 238 333 7063 4176 6371 4504 5926 
15 9602 6220 3583 7232 415 2128 1198 10 5259 4190 2087 8680 3344 7157 9642 
15 7406 5888 6293 3366 7762 979 285 5042 5651 4265 3330 3312 932 2564 2862 
16 8328 35 4485 7808 5915 7817 3509 2841 67 6339 9193 195 3337 4142 7251 9196 
9 1121 3783 9712 8379 2954 4800 8857 8553 6524 
16 4661 5477 5678 1324 1509 3623 6297 5278 889 8166 9739 8971 7517 5190 7204 1356 
17 4624 5892 7442 9116 6580 4664 8245 6114 2978 7521 5175 850 2226 1936 1225 8216 231 
13 245 3875 6425 1835 4344 7679 8533 3474 3767 3214 548 1367 3286 
12 206 1949 1746 6081 584 3231 894 149 5257 1703 68 7343 
15 8832 8348 6601 9101 1943 5608 5041 2506 4382 9616 2816 1574 9885 1809 3712 
6 6669 6825 6213 8990 2558 1855 
15 481 3615 8785 3793 6659 8051 7149 4590 6798 1486 3943 3023 5791 2604 910 
9 5996 3614 5564 8107 4501 3019 5797 3950 1680 
8 9965 119 7787 6078 1436 4623 7727 3341 
17 2681 4410 5054 7840 9158 2290 8288 8904 2859 9384 1806 7238 7332 7257 5162 2671 4424 
13 3368 1755 7785 7043 4756 4971 2989 3799 3757 4768 5233 9049 9088 
17 209 2916 100 1355 3759 4045 6367 5567 6106 4734 4747 5475 6347 3801 6233 6074 8877 
16 9469 3594 6101 9242 3746 542 1393 2042 6234 8199 7995 3198 3206 6701 6534 5398 
14 6200 6814 4930 930 7778 4856 5154 6083 5728 8347 3144 9756 4757 9120 
12 1524 8034 4854 7933 4944 350 9848 7590 4239 4298 2905 302 
9 3779 8219 4137 8187 3169 9186 1982 5127 3184 
17 2401 6356 8609 1443 6657 8296 5105 1656 2137 5785 7978 5741 6227 6723 5555 5065 4531 
13 9255 8682 2171 1476 8760 4096 7132 2443 1670 4222 5286 4215 8913 
5 5983 7624 4676 8046 3310 
10 3362 8860 2051 6167 1882 1906 4427 5673 148 8612 
18 4794 7085 3325 7278 7066 1979 1464 2837 1649 7099 9350 4719 3941 5399 4861 1403 8897 2658 
12 442 7380 9209 6716 7724 7194 7781 6325 748 9726 9875 1120 
17 8573 3938 7710 6638 127 560 4888 3896 516 5373 2268 4459 4963 5696 5084 3899 7395 
15 6208 1902 9809 9054 8662 5519 6375 4290 6778 42 6990 5022 3456 7705 5790 
16 3396 1693 5628 8804 9062 1458 9687 7689 2535 6105 6948 4817 5319 6419 7983 7215 
15 8786 57 9872 7342 7466 2048 5134 946 4464 7839 2336 5111 706 8501 8607 
18 8462 8419 3220 5263 7746 4879 2906 4159 6883 8916 3595 1682 968 8002 5275 6084 9203 2843 
17 1869 9464 8854 7777 2386 7761 3429 6674 1012 5171 7106 8050 6145 7084 3084 2886 4641 
19 9845 208 942 4366 5844 7592 6103 6140 2526 2580 9571 6204 6906 8280 160 9032 3094 5423 9184 
15 4630 2967 1106 4913 6082 9089 6203 5180 6682 6604 7328 6666 5936 3889 3492 
6 3510 2570 5422 7684 6211 6960 
16 5636 3740 4007 709 9132 3981 121 4921 736 7599 5019 5401 8561 7261 4077 9811 
3 2198 4782 3539 
3 2074 9375 1817 
15 9559 2167 6729 9948 3261 3843 2065 6389 7560 450 1894 6624 2490 901 8850 
16 1010 381 7364 1738 9975 8984 4857 8871 793 678 2478 9269 4946 5618 6193 1731 
13 7648 830 6141 9923 6744 4086 1068 3684 6500 7980 1185 2253 2659 
14 4421 7628 3721 5238 4278 2206 8928 2769 2341 7130 1026 3662 651 8908 
15 3129 2686 9171 1250 74 3421 1096 4340 3856 6117 2027 6050 4600 7202 587 
14 1177 6398 5952 7697 1716 9300 4608 4457 2950 1719 5416 5392 5613 8825 
18 7248 1729 2937 6967 252 3974 7573 3765 3750 8074 8242 8197 7095 632 6010 479 7083 3797 
15 7372 611 6647 9964 9837 4550 4357 924 4845 5421 5687 2895 1661 1242 8893 
5 2495 3936 4701 9891 3612 
14 1955 3566 5287 120 8413 698 2205 7192 8060 9312 7667 9719 3417 4374 
18 150 1201 8768 2653 8228 2640 6737 485 8312 9229 6728 6714 7405 8013 9437 1091 6731 1636 
15 8440 3542 1913 4541 1168 8610 9882 7392 11 4312 6773 3387 2763 9398 2491 
4 3786 9954 4378 6032 
7 3403 2470 1487 4331 7503 8494 8253 
7 9636 2927 552 2126 5400 2842 1159 
13 6450 8079 5830 1644 9516 7872 4343 6810 4993 5705 8443 8364 3665 
13 5307 6261 3952 8645 2760 9378 5911 5986 184 787 2579 9217 6477 
8 5425 8681 7284 4669 7930 1540 1085 8925 
13 8198 2982 7847 578 7361 5211 3959 3359 4082 9932 2746 562 2185 
11 3541 4141 8955 2771 91 3904 4433 4453 8140 6396 2445 
17 409 2577 6886 9564 9265 9655 2035 2374 9298 3501 8958 2294 8162 6732 1987 9467 4018 
7 364 509 8201 9099 1848 4841 6364 
16 332 5352 9742 6962 6386 8136 4055 6712 515 4715 2965 7378 7029 2249 7606 5443 
14 2690 5351 2900 7239 1302 4314 5133 6043 6176 4925 4252 1858 307 5599 
15 4867 9042 3054 9364 1700 8266 1791 7949 9998 37 322 7584 5118 7992 1645 
13 482 8368 7882 5405 9701 3372 7142 9955 8969 8676 5840 1744 8371 
15 5377 1102 595 9070 6094 9896 7866 2923 9331 3935 2655 1616 5493 9887 9637 
17 8784 6842 753 2732 177 178 7562 8033 1787 5247 6171 4898 4684 3001 6553 5676 4886 
8 6879 9248 964 8354 7336 7242 3837 2211 
14 2780 1460 2178 646 5374 6593 1679 5532 1976 2873 8349 5726 7054 8666 
