89 2822 9832 175 8315 8085 5130 7030 7569 5721 8286 4481 5156 3694 9606 9378 2145 653 7790 5066 9678 7842 5368 2609 5125 7117 4550 3780 6750 7693 409 9203 3989 5297 8573 2100 3298 8907 8892 2720 6025 832 1147 3390 8334 2632 3028 7035 7012 2348 2225 6166 7515 4934 8276 7626 2309 7881 2113 7103 1058 7373 148 272 9269 3736 1078 1514 3626 9849 9036 2566 8188 6139 25 7717 4287 517 7280 7090 4895 9113 6762 3024 1027 1851 6133 8753 9837 4329 
79 2921 295 4052 3363 9360 4662 6671 3119 1040 1842 2524 1675 2860 8193 6677 2358 7773 1093 6519 3335 996 1194 420 8993 615 7815 9368 1724 2946 2184 8035 5894 8332 1406 6996 7276 7725 9453 5095 4883 9823 7200 8975 2445 6965 2521 7433 9911 967 5047 7403 9271 3564 8729 4816 2579 7567 8789 8772 3498 8836 8510 1877 9557 2626 2264 4666 6506 8376 4735 4592 8270 2985 1484 2561 7886 8009 85 3595 
76 7136 4935 395 6982 1312 4794 7529 1139 8003 6363 3462 5298 6516 8584 4355 4076 7065 5670 2334 3647 8460 550 4691 3813 3078 3110 9593 7939 778 3310 7877 1262 6192 6457 3828 6228 1719 5842 6365 5356 3067 379 9066 7676 4094 2299 248 6336 1656 8300 8459 9237 4781 8021 5762 7250 9610 2875 5649 7360 6 8788 8527 5582 4798 1316 1629 6988 24 953 119 3918 2528 1868 9770 2436 
72 3117 1579 9282 1415 4066 8654 8870 3471 1779 3679 8717 7161 3150 1448 4227 9708 2057 3917 7464 173 185 7379 9437 8793 6535 9289 5900 8206 4679 6069 4281 4374 7525 2913 3134 5611 430 8137 1249 8341 7271 2315 2798 7834 8720 2070 536 3056 8643 5750 3967 5625 1463 3223 4427 3627 2545 6981 2751 3098 3239 1800 616 6360 9045 1369 8317 2556 845 9163 7534 7887 
83 835 2849 207 9445 7704 1339 1491 2693 9930 3350 273 7985 5520 9625 5654 2279 5522 2468 2840 1542 9238 6057 7840 1299 3243 4589 2562 9231 1248 6385 7450 4140 7706 300 644 6813 2262 1962 1261 8842 1774 4226 8489 7587 66 4335 3213 4970 4843 3204 2407 1346 4541 1578 6083 268 2192 6247 165 1026 6913 3980 5243 9905 441 3948 8522 181 6490 8164 9244 378 8228 9383 5489 7004 3381 2968 8879 977 4821 9212 63 
75 7833 5046 7760 8472 8432 256 6819 5237 6155 9039 676 5724 785 163 6727 7605 1770 174 2158 2403 7390 7304 4652 2243 5781 1158 4564 6582 2276 6429 3812 4578 6892 1905 2671 1726 5346 6837 3886 7622 6104 1224 2133 1910 3754 8444 8800 7241 9386 2958 2455 3206 7736 9722 506 2503 6771 459 4038 4108 3112 4105 4646 79 6533 2703 9828 6755 578 7921 5178 8180 9558 5211 2103 
70 8450 1999 8407 3198 2698 9417 8934 6482 130 5128 6382 3612 1053 1907 3610 2519 5796 5619 1593 1898 5457 5862 1603 2960 3865 5490 5793 5096 4591 9677 4284 8611 4379 5198 7682 5027 7363 5443 9598 9400 7795 4125 5248 7994 4010 2246 5655 3539 8674 6949 1844 4233 5321 4675 2471 5753 6723 8763 5624 1714 6011 4196 6920 3959 1385 7435 3645 5050 1665 9354 
83 2603 6340 7418 152 1752 5595 330 9470 5462 3919 9984 4607 4386 9772 215 4192 397 221 8500 6616 8790 8365 250 7393 4083 793 8783 5704 7765 7784 4334 4684 2062 6954 7007 9458 877 8149 568 1856 2939 99 3211 6439 1114 2821 5531 2697 3928 7823 9534 9929 6527 4359 2650 6333 8340 8809 5089 3725 4569 8010 4613 6273 7998 4150 5615 1378 1626 6709 6059 9563 3041 9474 8225 5507 9829 4540 8216 1212 1778 5674 2507 
79 2139 9351 3236 7205 7487 9942 2954 4996 7689 4214 5349 3295 9621 873 4175 9915 3332 9831 1414 7915 3558 2489 4953 194 619 6329 6606 3835 3228 6862 7267 2020 2699 8855 7459 2004 3759 2082 5330 6873 9177 245 2508 5662 5643 6079 2425 6050 7181 812 8571 524 5139 3788 9746 827 9265 1041 9146 712 4449 7490 8045 2360 6431 1237 7125 4411 7192 806 4695 2881 7861 3366 6498 126 2587 7907 9478 
80 9670 8078 9049 1386 8372 2607 23 5532 2000 9940 2933 9891 8890 5461 3306 5910 309 6966 5499 6634 8442 1904 3513 2331 2613 5911 8874 2176 9126 9260 1852 4489 6586 4136 2355 3795 5118 2014 9824 7702 6175 367 3978 2130 193 297 3571 9553 3596 6039 6526 1286 9518 2665 1379 279 2861 4203 2461 2356 6852 3613 6316 1497 4267 7019 8192 2638 1786 4337 8100 3406 8060 9580 5002 7885 3188 233 4188 6422 
90 1959 6130 681 1965 7901 8669 8730 5967 5475 1746 8592 6046 9732 5534 2965 5151 6421 5542 791 7974 3667 7239 1004 7110 7489 1821 2542 7580 1693 5687 8511 9173 8008 7213 2188 4266 529 8536 331 7388 9792 5015 2204 337 6502 7893 5299 8373 2631 8599 2727 7206 8310 7217 9671 7570 4404 9726 7783 3372 9532 7640 6383 3809 1388 6109 3572 7658 9167 5341 695 9201 4681 5764 2962 2862 196 1881 5398 2848 501 7002 9615 2467 7294 503 9827 5644 2338 1766 
86 1785 4119 6669 3581 1143 476 528 7611 1192 4937 7481 9735 1250 879 1264 6753 53 7488 2154 9121 8737 4809 1433 6793 4003 9531 8483 8025 2558 1011 7950 3606 4101 8437 5106 9750 4658 8337 1489 8115 8639 4074 8436 1552 3180 3525 1416 2888 3576 6877 588 3088 1710 8271 2460 1970 9711 6023 3140 7814 786 346 9369 6840 8962 1318 5719 6569 374 6838 2927 2248 7544 1975 8776 3168 4698 5543 2059 2969 2493 9330 3285 7559 722 3227 
81 2635 3922 2652 773 846 3765 68 3501 9699 1051 7026 7323 3139 8765 9096 8421 4304 8257 941 7526 80 927 4348 5969 5935 431 2320 1749 7000 3955 2148 9228 7247 7118 6182 2500 2056 3061 8338 7167 8882 623 6629 7385 2658 618 9999 381 6628 9647 5773 842 8495 3222 4595 2639 7826 3789 562 3843 4073 7092 1646 114 4210 4336 8690 4510 455 856 3909 2567 7107 5650 166 3074 9018 5877 8307 5273 411 
80 6933 7584 9872 2146 9764 1846 5241 2793 2554 3333 4909 5751 9079 5207 9076 3177 1025 5949 289 7865 6027 1229 3114 8478 8256 1127 530 8441 7202 1871 6523 9883 6037 9056 6914 9502 6976 2780 5024 2589 7242 8007 9002 5947 5104 9673 2283 1606 9276 2312 4482 2181 7410 3728 1624 807 6803 6700 2773 7034 3358 4000 8127 9514 2883 7595 6325 2211 9679 3457 103 145 9731 5481 3769 8360 5681 4871 6576 973 
77 5260 6423 5262 5147 1125 7708 314 6640 502 7894 5895 1398 1597 6313 2144 768 908 147 3783 690 107 4004 1326 7374 9093 59 648 7355 798 8591 1097 7001 9185 1482 8109 2424 6450 7075 1457 7013 7307 1122 9098 3650 2419 5154 7292 3790 7079 424 7964 4786 5194 7780 7057 7303 366 2089 296 2374 3947 4505 6248 7332 3940 8409 4412 6798 2067 6266 1727 4556 5953 9296 7996 1993 5738 
75 493 78 8849 7256 688 9850 3361 4766 9756 4769 1417 9702 663 6278 6123 2677 8293 2391 184 9477 3281 9078 3821 4465 8876 111 5028 4262 4857 70 1647 5550 7076 5442 4002 5768 510 7589 4382 4713 3568 1461 5214 7172 7778 4106 9021 8461 4035 1565 1563 6682 1649 6558 9142 5893 6126 7391 9331 8951 4651 880 6619 6499 9124 8306 5813 12 5491 3962 3138 7965 4775 2634 9343 
76 2098 660 9446 1035 8177 8143 6117 6459 5968 1390 8884 515 8991 1198 3573 2774 800 4385 9267 2689 1676 7291 9690 8131 7243 9281 3494 5124 1003 7237 189 9411 9923 1353 9588 4488 3662 3939 4623 7733 4557 912 8171 3329 8016 1252 3485 4972 6468 6067 6834 8806 5328 5449 6801 7600 349 7480 1878 9978 8032 8567 5261 253 3760 1022 3816 2273 4422 6157 8514 3857 6843 9154 1921 9895 
80 6261 3883 4071 8453 4260 3492 8152 3503 4122 8710 5113 6864 2599 9966 434 4476 8549 9258 4104 5052 6221 6267 5916 6866 2410 7960 8506 8251 2477 9451 4457 2415 9733 5071 8944 1688 4732 9983 9871 9072 334 3284 3136 3010 2967 9796 6624 2872 5982 7159 9560 2432 6905 303 8587 3378 4572 7963 4770 8380 401 1475 29 6420 9950 2732 8363 1254 4615 882 5032 2544 368 9573 5789 696 7806 5851 5227 7460 
79 2734 9392 9435 993 3288 8364 2335 5206 26 4279 3932 8083 1422 2239 3557 5313 4082 3318 3242 6643 4621 7296 3520 8036 4758 7483 9314 3167 8588 2071 7268 4898 3863 7906 8505 6997 8413 1034 5438 6143 7532 6908 2973 2428 4448 1636 7053 7757 4328 3639 9683 505 398 7231 6110 3031 5853 6604 5641 2172 129 1703 1699 6636 1183 1811 149 5538 892 6784 6503 2828 8501 1891 5621 824 6038 511 3504 
80 6599 6885 4760 9594 3782 612 548 9747 7042 2916 3064 8699 6790 3992 6912 4393 4903 9955 1804 9622 3651 1735 1354 4889 8238 2009 8013 1694 8318 881 1002 8294 3846 5803 5441 2121 6486 198 3393 1401 7146 5752 3389 758 4129 6518 5688 4752 5617 4389 8291 9085 4405 9965 6870 4333 1722 1922 4859 6370 2669 963 4848 661 7228 7683 3946 7094 6356 7100 6673 4998 8574 9152 3901 3472 6806 6135 4789 1363 
79 3060 5835 2636 1387 4989 5583 3258 2418 3519 5669 8841 3126 3764 678 238 3267 5706 8012 4828 6295 190 689 4229 6824 790 4062 3743 7082 2040 1915 4100 1935 2316 3464 9501 4161 3700 3894 4368 6483 9609 9876 8031 6644 9830 8497 3837 2740 9295 716 4453 7027 9480 1426 3916 4330 4982 6458 890 9715 5221 6661 9686 3729 2618 7517 3930 7281 7791 6308 8830 7214 937 2481 5717 9544 2134 9510 6202 
79 2446 8995 4473 1187 1359 1196 3630 191 3643 6250 1442 9817 4784 5896 5 5224 8006 7201 7359 5587 4642 8828 9186 9338 4413 2511 5382 6609 9812 4818 4988 5404 1747 2389 2859 600 6114 4602 9334 9060 5804 6048 9197 3512 7546 2653 3376 4865 9528 8186 1743 9783 9432 5362 3475 3397 7548 4029 8163 8287 6774 6799 3713 8802 6022 4367 7770 1227 2834 3906 2902 8771 6240 4685 2952 3006 9941 3818 4964 
79 2234 577 1817 2517 8504 8205 2330 2604 8356 477 1175 2135 5423 8046 1282 7375 4673 851 6409 6854 1098 5425 5045 4542 9835 6820 7863 2412 5405 1319 1303 5869 9135 6684 1847 1314 4160 5994 1170 965 5426 1453 2869 5775 4434 3927 1225 8414 2087 6689 4812 8921 4911 3549 9897 3900 2880 4308 8676 8136 8382 9859 9631 942 4907 8112 6086 6324 8810 2537 6203 5526 2904 9071 5432 8589 1345 6061 5320 
88 2922 5371 1813 3233 4049 3452 8383 182 3027 5740 7581 4650 4217 9956 2293 8273 7482 4286 5144 4314 6554 7149 393 9356 9184 6393 8249 8641 6740 3212 4638 5366 8760 2522 9526 3058 7282 1585 5352 8956 3095 710 5073 2657 8279 2845 559 2464 604 4676 4614 112 1977 9659 6512 5884 2910 1931 355 9345 7762 9846 7550 4668 5620 728 2159 2764 622 4620 2588 7055 6602 8648 9032 5812 7923 4688 8068 8682 1655 8640 282 5635 518 6546 2504 4131 
73 2772 6229 1753 9814 1942 626 7448 910 544 8624 8833 5585 4152 1016 4628 8526 2298 402 5759 7356 926 8627 8728 6860 2799 5601 6574 1215 3982 8604 4430 709 412 603 2984 9455 4918 2615 3514 270 3470 1469 1763 7210 7189 285 3822 535 438 913 2641 8361 3032 4173 7301 5776 735 5017 1790 3614 262 4381 7386 6159 8880 4197 4827 1607 8151 1522 2956 7555 8395 
80 8033 2600 7662 3265 9038 9031 6425 5941 3701 9506 479 3476 8464 7295 8820 2768 4677 2801 3847 2622 4975 5446 5170 4692 8292 7592 4145 8262 9442 5879 5133 2230 161 546 3431 7423 911 5395 9179 3241 9365 2235 6272 5048 4417 4633 7692 4213 4332 669 7184 7763 9852 4656 2216 8519 8155 5554 9928 1591 5458 5087 5871 1200 7451 293 3521 9193 9508 4908 9953 3237 2311 7156 9723 8978 1991 3106 9410 3021 
71 8103 4114 9988 7006 9136 9257 9075 9251 5153 659 4926 5460 2401 7607 9537 4703 3151 8673 7392 8398 3320 8466 2373 1548 5309 8813 7785 9651 2416 986 9160 3806 305 639 2741 4080 999 2364 4555 5287 5631 7425 7563 7447 3142 1075 7716 9357 2196 6116 4242 217 7905 9433 1841 1546 2115 4369 8779 7119 3157 5459 6704 4532 4913 2516 3474 8290 5365 3071 98 
79 4172 3423 5354 7179 3505 9695 7496 6890 6168 9128 3410 6283 5251 8663 2992 6566 4486 2591 7751 9975 3427 2142 6300 5861 1532 1680 2924 4019 1206 4689 907 9303 9287 7740 8925 3382 6757 6414 4471 7033 6075 1383 8999 9513 904 1950 1732 840 2026 759 4653 7283 761 9566 4606 9234 2932 1251 8557 4462 6858 2302 3081 8174 6251 7616 1981 9148 6921 9030 3207 3072 2349 4585 3913 1235 7187 2497 6787 
73 5634 4768 9284 2198 7222 416 3383 5794 6699 7253 4311 1024 2051 6005 8418 1794 930 8791 7054 5506 484 5053 1836 2207 5502 2955 7610 2030 7275 7873 8145 9906 2017 6337 2413 4943 1409 7265 9595 9616 2187 9214 3535 3820 9776 2488 801 7684 2592 6777 7646 7372 945 3658 6066 5190 821 8302 113 4705 442 3369 566 652 9542 990 5471 6823 7997 7537 4254 1690 9204 
81 6428 9151 4141 9858 5801 5613 6245 6151 4808 6871 3659 9019 6925 4219 5612 5574 5783 5867 1677 8375 2129 3090 1258 2470 4190 8469 6230 1118 5856 9067 9815 4728 4375 3453 8861 5428 8775 5782 1223 5075 3747 8942 5956 5622 7750 7437 3085 4299 4475 1903 9611 6957 3445 8662 9028 9926 9574 5364 317 7339 2856 7619 2340 2454 3998 4416 8533 4984 8117 9579 9320 7856 4561 2999 6776 3279 6737 6149 6969 8470 1627 
74 7245 13 7313 3076 3665 8523 8971 4944 4239 3735 9836 4200 7769 9097 6746 8834 9315 3871 6738 2797 5253 2937 1519 8988 8224 8253 3286 9029 4316 2685 1650 259 6601 6471 7696 8254 6696 917 3137 1876 514 64 226 9567 8429 9530 4439 3600 5494 5626 4041 3053 9013 9602 50 1500 3542 9813 2991 2065 235 7604 6415 4820 3355 574 2616 4674 3008 8768 6561 8479 8194 6148 
85 45 9058 9014 6891 6557 405 3856 7793 1531 128 5545 3560 3951 1049 2085 5020 7715 5990 7203 1854 5353 8532 2021 1730 1839 1602 2132 9634 373 1986 1825 2255 5000 5347 5689 5874 9844 3132 8761 7099 5540 2324 369 9050 494 4051 1376 3359 7353 985 2929 6739 2453 6195 9195 2898 9125 8580 9341 1513 3864 5518 298 2824 7977 1017 2197 7551 1576 8197 9208 9642 4762 3653 2441 8986 5712 371 1697 8583 4965 4690 3642 8636 6491 
82 8854 9159 6638 474 8568 6578 9037 5564 9646 4327 896 2614 3844 9123 4126 4009 4408 7430 9825 8381 606 9394 4116 6652 3429 8541 5434 1083 8603 4520 2055 7484 6171 7802 9704 8755 9628 5417 6809 8020 9694 1188 5720 6591 1504 234 4109 3961 8764 8028 3890 8034 5393 4261 7064 9144 8138 4991 6896 5623 4102 5576 142 4342 6926 6239 2072 88 6260 218 8219 20 7106 2329 4380 5609 7764 2850 7194 2936 9799 2659 
80 2368 9111 3611 7047 1691 328 446 3640 7244 5696 3954 5658 7845 7249 4030 9909 4795 5167 4015 8577 8001 3803 8518 266 6675 135 4726 1526 8623 6354 8552 8844 8231 55 855 7025 8915 8675 475 3692 1054 4727 8534 3895 7889 6494 247 8420 8233 2164 9749 8868 4987 4159 5111 2543 5892 8508 520 8126 5011 876 1443 4979 4733 4320 5391 2938 7991 5870 5548 3148 3522 4643 8619 3580 946 5991 3876 8696 
80 9475 8725 8786 3590 5798 2847 5557 8657 2069 7331 2384 2140 7442 3009 1239 6767 7668 1055 8970 9864 6359 9172 8076 7869 1620 3481 7670 7761 9917 7108 5289 6581 6368 5219 5367 7809 805 6345 539 1494 1667 8621 7171 2527 274 5026 4800 6353 5806 324 3419 4143 4860 8608 6140 9009 4142 4007 6259 7085 2102 2934 7562 897 3712 2553 9661 1108 1716 5402 6201 1543 5937 7900 1540 3468 966 224 447 7774 
78 3042 4077 1824 9243 523 5245 8073 2777 7219 9632 8130 4046 3524 2253 5086 3680 4817 3443 1521 630 6522 9107 9415 1549 7078 1304 1792 9376 8668 8067 6672 9862 7958 8558 781 6174 3269 3003 844 8796 4421 6841 3400 449 5199 8116 6443 8984 8230 6394 5099 6381 5271 6608 3497 4744 542 3823 1129 7252 8179 9977 3438 9523 6534 9082 2261 251 5809 1263 1464 6722 2781 2810 7908 6511 969 6479 
70 5266 5014 6424 445 3209 534 1021 5815 2755 9382 5308 7603 3266 8966 4639 8178 3479 5424 9583 8154 3777 1120 7651 4647 3379 199 7400 6460 6310 567 6352 7150 7321 1046 3983 6895 2300 4839 8982 1403 325 5038 1190 7333 6691 4711 1159 7669 8467 6080 5088 9608 823 2884 5158 1682 6833 1509 6532 3173 4872 5667 3101 6626 4526 1268 9802 5065 6632 1199 
85 6440 4891 4764 2711 816 8835 9104 915 9236 5632 3259 2323 7980 6464 8992 8417 8913 7800 365 0 6218 2281 204 3388 3487 7664 4579 2725 2590 7328 3055 997 4952 1920 7072 2354 6137 1467 4045 4011 382 1662 5067 3674 9570 1536 6106 52 1156 2660 8626 5980 6967 9901 1164 1510 2081 1077 1528 3874 6108 3726 3861 2074 6986 8622 9903 8940 7376 5342 3493 1594 2498 8846 1762 3710 5787 4683 8374 2786 9860 2565 7134 819 7796 
77 3039 586 9371 8644 1204 3482 5846 5185 7982 2305 1756 6374 3707 1462 1588 1787 6500 8727 7467 9439 380 2680 1477 9178 7955 1668 7336 8089 2426 7059 5766 2080 225 2811 1661 4813 8329 48 6220 1832 775 1050 9103 5422 2229 7040 8537 1480 9083 6035 260 3097 1979 6592 1529 1481 6917 898 3688 7520 4222 1728 4571 1958 731 2088 3092 3664 3161 4353 9645 8539 2213 4767 6173 9192 4331 
72 6613 5057 3968 3827 2864 1348 8850 1014 3921 6092 2526 1863 9120 4655 8250 3703 5682 1689 5433 150 4134 9457 3802 4325 5403 7419 4124 4782 9127 1709 8144 4696 8752 1102 7077 4551 7018 1535 2757 3047 5484 2200 1611 5131 1955 3714 9807 8312 6894 2831 4022 315 7827 3133 7659 11 8965 8902 9572 8823 6222 9143 8660 9064 8596 2789 9444 7322 4708 283 4978 6441 
85 2440 4974 4469 1492 4246 1247 4568 4238 8481 8797 7698 460 5855 1505 5117 4391 9907 3347 5229 7870 703 4069 7891 7598 6286 3420 1485 3770 7046 2843 2538 7455 1207 5530 6357 4665 4130 9654 6145 322 2520 2606 7620 339 1498 2893 9547 6451 9312 4549 6521 2708 5958 8158 6760 8684 1652 4787 7350 7041 495 3017 2816 7945 9840 2421 1966 4036 828 632 7505 3727 2269 7970 7518 843 9778 5734 2119 8744 7593 9403 9838 8096 6405 
89 6198 3249 2993 3877 4980 5008 5608 7235 9336 6888 7014 3385 6474 5116 7575 6869 8277 919 3118 3755 7022 8756 5863 7513 9745 6361 7338 9495 7163 3887 110 400 6715 6185 6705 4657 8222 6814 7941 7949 7989 5080 6735 7792 5909 643 7586 5191 4414 8223 4340 8221 8667 4946 6124 7578 6120 7832 9597 3252 1296 154 4154 7254 8101 4283 146 7389 7902 6909 5657 9637 3084 5665 9170 5527 1798 2105 65 852 3226 7837 8092 8443 8715 1773 2623 7641 3116 
81 156 4967 1587 6190 5383 6720 8386 5886 1205 5675 3781 7744 4442 6910 5598 8910 8575 1133 4722 4231 7777 3858 435 2853 8517 356 1555 4363 6666 3336 9720 7767 6191 1460 2370 9249 609 3094 8371 1929 5840 1621 4862 2342 9935 318 86 2206 2226 8867 6009 7999 4103 4706 7943 9701 5444 176 6605 9245 8881 8738 3070 2619 4624 1974 6076 3842 5173 4936 8081 891 5926 5092 9452 3970 3826 7608 1954 5033 6804 
80 6812 102 5062 8039 4922 9447 4632 5528 6664 3618 3278 2573 7976 1210 9980 3716 3186 9856 7910 8968 6902 7369 1541 243 9954 2846 465 4929 1872 2909 7727 4032 9051 9855 8659 3834 9216 2818 8345 8185 861 914 7924 2326 3599 2593 4492 3319 9717 9070 2839 7285 1806 7710 9171 8473 7749 162 7182 1501 7465 6583 8929 7734 3352 7618 4746 7788 2514 6495 5849 3985 5970 7772 6947 4881 265 4364 9914 3082 
75 1711 6197 3562 4349 27 9791 2874 7694 1590 4717 5668 8261 4195 5182 5705 6485 675 3205 1340 9762 5439 3912 9153 1692 5429 5413 2760 7645 9187 2842 7308 3778 7005 5833 5379 1063 6462 6282 4113 1571 9119 4438 9419 7591 5389 9626 6958 8379 8303 9946 1729 8600 8405 9684 5735 2443 5019 783 4468 2383 8770 4360 7730 5805 4026 4947 5054 2895 8062 5029 7422 6732 7471 9481 7688 
82 1134 8141 7937 2091 9887 4433 5041 5952 5197 2649 8400 8919 6889 4560 9515 837 9629 1283 784 792 6341 5079 2748 1368 6747 6436 3500 9798 1007 2552 2286 8677 3194 7824 1182 2643 5811 1214 7990 2900 4546 3377 7948 4157 693 5373 1382 5978 131 4737 4149 2411 3046 8269 5186 7879 3718 9473 9401 2580 1335 5094 5979 9639 160 4176 1005 5571 7524 1834 1279 8110 6136 6447 1820 2306 2670 3403 4097 8351 1651 5517 
82 5876 9581 1660 6770 188 6294 2263 1700 3172 6748 229 5829 684 7667 9963 7572 9961 5637 5157 6212 901 8812 9149 5802 290 2183 5238 3925 4153 384 5291 2825 5830 1126 6646 1701 4180 125 157 1145 3801 2739 8597 5565 6539 633 5642 4740 7218 1906 8900 7141 9511 875 19 6043 6549 6937 4198 5743 5902 1982 7687 2729 4790 2376 5359 1470 6717 7521 7413 9912 127 8750 2345 8891 7319 1136 6810 8265 697 3767 
73 1566 8424 2823 3832 8545 2297 8207 656 8017 2715 2469 3746 8872 9190 6995 9777 4252 2439 43 760 9939 2289 5769 9339 1883 9818 7847 2547 7345 5963 5770 7560 5913 6719 3321 3585 7588 4723 4317 5577 7909 6376 2484 6617 8336 2174 6695 5468 8795 2742 1605 5544 3307 7263 1331 3977 2865 2437 3838 2294 2964 692 8043 717 638 3734 3120 1295 2380 9786 7533 3375 1911 
80 2758 3873 9742 9440 8961 6785 1734 3681 1140 1148 6032 3763 1325 1608 3050 6242 3722 8050 9546 6686 3489 8914 6553 7680 1307 6233 8877 6989 1493 5480 1292 140 4295 6993 9043 8390 2675 5993 9672 8807 5072 512 998 2278 6607 8960 1117 4406 7365 4085 1336 5150 5415 8304 591 7959 3749 797 5363 2575 1110 7501 8739 7440 8542 9524 5864 1396 6153 8895 1010 4552 6442 3956 9349 2957 341 8964 1177 4576 
81 5959 602 9890 862 4474 3878 281 6928 2971 817 7579 1758 2013 3898 571 4181 6280 7299 883 5396 4185 7660 1028 5235 4158 7812 5749 2513 5509 4064 8889 6183 2935 9007 2066 4985 3543 6298 5450 2730 5220 920 3344 5648 8087 4838 3971 7248 5899 5340 9465 4924 992 4301 1230 6346 6831 3270 4772 8428 9205 5155 4999 983 4593 7644 4631 5386 5110 3796 575 2189 637 9388 6189 4345 7270 4063 4014 4915 519 
77 5604 9714 9328 436 6796 9202 4067 9592 7116 4018 3275 6580 2359 5201 8239 6446 1888 4630 2318 6795 734 5070 4833 8369 9793 2502 1405 3356 9655 6728 4294 6484 6044 2704 3963 361 981 1840 4240 6306 6850 650 2128 3261 4187 7732 2208 3337 1180 1432 6886 8748 4968 4537 4075 1372 2336 8742 8393 6103 7523 5009 978 634 509 41 1967 7843 8236 6633 1739 6264 7178 9873 5410 6121 2994 
76 9861 4852 5955 9248 766 5984 498 450 4068 2399 4436 8906 4249 5713 5416 4983 9391 7016 1300 745 1784 5639 6764 2525 987 9274 4958 5514 7503 4774 3817 8769 3174 8722 9414 5761 6026 5606 2540 7556 4756 6146 4470 2975 8023 9174 1523 3621 2997 6788 549 5288 5469 7571 867 7137 1019 6101 8838 3996 6631 2990 8749 5275 1361 3607 2716 9293 3931 6496 6955 2267 6656 4625 6835 9577 
70 4467 3660 654 2414 4796 4166 9591 854 8745 4966 4123 7485 2339 9874 6262 2106 3300 3556 7278 1767 6572 1671 1431 8917 8147 1000 4383 7554 1128 2790 8446 9845 58 1094 7656 4280 3129 6334 5056 3068 1581 7975 2700 2988 4604 4016 4899 1332 5961 8474 4729 9318 6579 6751 5560 9034 787 3649 5536 5685 6029 7729 5374 7934 7850 825 1397 419 8618 6614 
75 9738 9601 7883 2563 4501 3551 9635 3051 5914 736 2228 7724 540 4777 4697 6876 5797 232 1674 5435 1245 8488 3182 4724 383 5301 3086 5763 4792 594 7037 6918 9412 1799 6454 5249 6763 799 782 3175 3723 1517 2125 9564 5076 7673 5037 3004 5672 9867 3466 3217 3296 1478 6855 4810 9691 8633 2612 1718 7972 1281 8736 7508 4702 4840 4619 3451 2915 1916 4516 7153 7747 3107 2084 
73 7080 7324 8546 9718 8406 5503 9568 6635 1520 3950 4529 3380 4933 2775 4627 2429 216 5925 3997 1322 6874 5887 6473 1310 6515 6364 7816 84 6693 9466 1948 683 8038 1721 6399 5132 8901 7310 5409 6565 4700 8139 583 5236 5212 1366 8817 853 6372 1755 136 9313 6903 1570 2784 3374 8811 3841 485 4490 8845 8782 6783 31 1015 7246 5844 2807 9650 8268 6179 9556 3748 
69 2150 1141 7576 4494 7606 7787 1805 5938 7120 2012 6961 6275 4834 2236 7621 1639 8201 3587 4452 1306 8274 1797 597 51 1837 9970 8214 8284 4515 9497 8821 9739 9769 6701 1829 7112 8124 4365 982 8529 2111 4244 5957 8804 3276 8199 1201 657 5754 3178 7904 5992 3002 614 9335 4993 8203 4961 1947 2505 516 5729 4461 4512 8548 3530 5561 9969 4275 
84 691 934 5500 5645 90 3929 1424 1956 8740 1924 5511 7864 3867 6936 4034 1429 7383 5102 1681 3049 6618 9329 590 466 1151 2409 1167 1253 2707 4306 323 5059 2097 753 872 741 8507 6367 9311 9118 2683 6338 8490 3458 3343 3499 1088 2568 8843 5573 6938 8973 6589 6987 3999 2277 9541 7686 118 8229 6342 9176 8252 3994 5234 4783 3045 651 486 9900 2275 7677 6068 4352 8959 3758 3958 9094 6960 8387 1738 6017 9255 5638 
73 7318 4466 1764 6488 4701 4765 2855 8431 1909 1275 9884 3396 9454 6556 504 1740 682 8410 6859 541 7561 5760 3185 7105 4241 7536 1861 5327 6098 4992 9434 673 6208 2882 1052 6998 6653 6991 2692 6466 6400 8313 7476 3007 7357 6875 3666 2696 3395 8301 7434 4536 9472 5316 2284 2392 1633 3424 8606 3800 1518 7121 8002 621 6358 9423 1255 5591 4714 6680 6898 1185 2288 
82 3516 5552 4574 4447 9826 9200 2836 5965 40 170 780 3696 304 1293 4567 8281 3033 164 6244 7866 3439 5390 9781 2039 358 871 9254 8655 168 5350 5064 3553 9057 7443 5259 6187 6829 1744 2761 3063 2010 2970 4312 7615 2193 3287 7196 4538 9427 5174 5205 5331 6387 4305 6678 3737 2045 3245 1940 2676 5165 8664 4709 469 6254 5873 5120 6782 2926 6761 77 2094 6052 1486 2008 1105 1801 5698 2431 5418 9782 6596 
78 5455 4398 9157 6347 5771 1285 6778 3698 4917 9559 906 2914 158 2912 7176 2375 8285 9235 9898 311 2194 5496 8974 5384 5597 6033 1723 8824 8691 5579 1321 4218 9010 1936 5962 1146 7058 7493 6706 5519 8283 6111 9387 7081 5013 6962 4191 8041 8491 4842 2598 9199 7685 6297 2222 6642 3221 3165 6548 7197 932 3426 3752 8555 8515 2533 415 8061 6008 448 1270 1638 4135 9724 3870 6088 9982 7207 
75 7678 138 5703 2202 4338 2785 4773 34 3316 3903 2003 9416 6000 3757 2394 6292 5166 9803 6299 9565 3528 2313 9362 5159 1081 4736 893 9919 5592 6252 3563 116 924 3449 2944 7298 2981 3461 9707 9877 4258 1221 5479 6924 2292 461 8847 1640 5498 2029 6853 9641 6020 8098 1394 7211 6107 6194 9479 8408 9377 5589 5380 8084 1337 3687 2885 6867 7968 491 9869 120 8784 7805 7718 
82 389 570 6257 5326 2496 4392 7115 9227 3149 2195 4455 8204 4636 9027 2053 7327 8746 6676 5850 1302 9675 9044 5757 3130 4289 5100 4997 5055 8602 83 5501 1754 642 6238 4873 6510 3456 1144 2686 6063 1418 2759 5972 2837 6134 1887 9011 56 4043 4836 5816 500 2131 72 1006 1084 4464 7825 28 4245 2486 8173 8102 9306 5217 316 7666 4039 6769 8777 9633 7807 5344 5285 6311 8916 9358 4962 5930 8816 2582 7936 
78 8980 6808 9211 7382 6543 6600 7394 2858 69 4 1152 9095 2966 2126 9773 8651 5478 2710 1243 679 5784 5315 4017 8458 4864 6344 7876 4040 8499 4921 9780 2897 3975 7056 237 1870 1352 1968 9996 9390 2060 8175 4027 2224 6302 8196 7585 1213 2118 7003 4372 6270 6525 579 1663 3689 5814 7665 8427 7987 3586 3066 6335 4366 2559 4061 9353 4228 426 7731 769 7470 4256 7399 7655 6537 6413 9418 
80 2995 1808 8551 750 9688 3247 2803 8543 3656 9951 6623 2169 5566 8234 6815 7147 1923 6125 2138 6105 8494 3348 4377 2499 3905 200 4079 7629 4641 1089 2457 878 5192 7776 3273 5818 1919 115 2019 8426 2645 2534 1914 5230 9024 5477 1713 6078 1169 649 255 6649 3885 7225 5799 6314 9516 672 3964 6095 9775 3413 8719 5824 5180 2778 7868 4884 1812 7705 6169 5215 5586 8416 5280 9188 2901 6279 7540 4659 
78 9053 4065 5524 7855 5944 7096 5492 1066 9755 16 7230 3417 4716 3292 3238 7381 2569 4553 6411 6427 8679 9183 9393 437 4031 3508 1708 1589 6449 3020 9372 5200 3415 3730 6508 7623 4829 4276 4167 8780 7126 8190 2219 6492 1858 1789 762 1780 9509 5931 9337 5179 3342 7446 6081 2240 1381 7594 8456 5558 2079 1527 8685 8520 4531 9713 7711 1305 9285 9705 8218 9687 2814 4791 4956 7165 7775 5921 
84 187 4523 3875 5465 3902 5030 3210 1062 7015 8134 4802 4006 2640 779 5940 9484 5082 721 73 7185 7087 1996 3001 8572 2674 5772 9324 6550 3156 7097 6268 7305 7284 38 7771 1867 7983 4582 6456 8455 9618 5306 9 1294 7739 6670 1413 1598 6968 6204 9140 2663 2492 2319 100 5463 4451 4837 2974 3690 8703 7067 7170 5203 5888 6089 2363 1900 464 9074 8058 2398 2214 2478 1404 4384 9748 6435 6320 9697 1791 6625 2681 5885 
79 7643 7995 5233 5336 9992 5973 3575 702 4091 5472 1926 5171 3391 979 2873 2167 2838 3644 7896 8264 3430 5748 4444 5838 6708 1545 7614 3262 2867 5329 4127 7188 123 5497 8248 2724 6721 9279 8886 3889 8550 6380 611 1391 9893 7273 3325 9487 599 6054 3414 7325 3738 3933 5143 1843 3591 5452 7445 6281 2025 5599 714 9020 9253 344 5196 573 7741 2357 2487 5859 6821 5845 7926 1106 4771 4875 7021 
77 3190 7633 1938 2996 596 1437 4088 4169 8503 2 6756 4622 2147 4084 7180 1430 167 6826 5228 3854 1944 3192 9853 3654 2722 1301 4095 5906 6893 7068 7531 6849 5834 1933 5905 9370 9278 1483 143 3034 8140 8422 6594 9409 2290 7829 3184 5123 3615 8198 1400 4429 3282 8212 2347 6733 8075 7073 2978 2483 857 5521 4008 2095 8247 7542 7738 5633 4981 9987 8928 5736 6332 1350 2016 2406 8465 
79 3183 8099 8698 5837 6001 1060 9584 5213 665 108 8547 9175 2767 5005 9974 4573 7144 4887 4942 8634 7988 4394 2232 5176 3724 3234 6872 6256 2931 7925 5304 9332 8350 3314 71 5817 8066 2165 522 57 2151 2006 7124 1736 9209 2972 1495 1351 8702 478 4868 7314 4686 8822 4863 1284 7420 765 5710 9879 8852 1874 37 5337 8672 6916 1393 4517 8244 4274 556 2371 2532 2620 9555 8887 4747 5823 4347 
75 4904 9543 2765 553 9441 3579 928 7552 7516 2048 5148 6681 1659 9721 5318 2642 1222 2745 4950 8741 8581 9240 3715 8680 7330 7462 4243 6434 1436 3360 6811 6129 6915 9448 1507 6741 8348 3401 9290 938 1272 9734 5242 6725 1845 326 5778 7582 8825 7627 2002 5250 3673 1202 9486 3154 6209 5232 5996 2393 6577 2844 9001 453 396 4954 9003 6094 9866 1399 4339 1367 2783 6164 960 
79 3425 1577 8404 7395 7695 7979 9522 3987 8885 8049 3373 1558 8701 9241 9494 3272 1917 6389 106 141 4880 8528 5343 1971 413 5951 4544 8859 545 5791 3127 916 4423 5427 4420 6544 6836 4779 7431 6100 815 5546 4814 7514 7803 8319 4738 6288 1623 2684 8259 7208 2602 8419 1087 6685 2827 1561 7497 8354 5145 9379 8202 9364 8556 6887 6907 4297 8935 9023 8305 4518 1079 6371 7174 9161 9918 8114 6090 
76 2717 1717 7609 7566 4671 7918 3693 3339 7384 8438 7151 9033 357 5436 7679 5883 5058 7361 2301 2096 134 9380 5274 4193 9949 3785 5407 3565 360 972 7195 9728 5083 6773 8616 9833 9068 3981 7884 8255 1452 1830 1664 2475 9323 2043 1013 1033 9998 2702 244 5061 5891 4731 4253 1814 9682 4484 9789 6702 4319 4326 3848 9277 3214 6745 9517 8165 2737 7261 9438 1678 4586 1503 4605 470 
80 7849 8220 9488 5673 8121 6683 5149 5889 810 9492 9304 9804 8950 7367 6073 7436 6985 4948 6007 1009 9406 5376 5739 3100 1121 2788 3340 2595 3229 7257 3402 9089 2325 1389 8899 4092 8938 3771 1761 4288 1892 4128 1171 3437 6530 1886 3043 1632 6343 7428 5986 6199 2490 6285 2458 5563 9578 8069 7274 1859 4912 8905 2160 5575 7354 8535 6713 4877 7164 497 2385 9586 4699 7631 788 2925 8240 5988 7215 4916 
74 9822 8057 7828 3860 9727 9820 4170 7475 271 1983 144 598 9224 60 1890 1961 6822 5126 8957 1487 33 1342 6994 8911 5084 9425 3675 8593 3637 9110 6927 310 7830 6115 3368 7509 7104 5808 2817 9763 3026 713 9421 3677 2951 2108 7630 6807 211 9981 755 7023 7961 2402 7083 5164 944 2621 1989 1297 1112 5091 4959 3588 2691 6002 1939 6901 7951 5618 4268 5361 6647 5486 
83 6430 2209 8090 8394 9538 3533 2332 7397 2557 6416 2244 8282 7986 1644 9719 4867 8266 3731 2868 3625 4251 1064 425 5090 6630 1259 2835 7091 6318 8296 8347 292 403 3303 8509 6291 9008 1853 5716 1706 278 9666 4146 5485 9040 386 1 5651 3371 4618 8869 1757 3792 6349 2787 6071 3230 6825 1155 8079 7892 2529 4485 7486 5016 1375 7713 9759 2709 5559 3583 6074 5948 2143 2031 9971 1150 5779 4635 7947 7911 2254 1289 
77 7851 666 4759 3181 6931 8125 5195 5898 6258 9352 6150 6445 4910 931 2137 7158 4858 2770 7878 9395 5556 1882 3711 2179 4174 8912 6412 5578 5983 1395 7432 9116 2495 8538 6388 2743 6060 6749 557 8762 3786 95 8610 733 2462 7221 5001 17 1625 7495 5034 7506 6529 5745 3793 9638 6477 6517 3699 9101 8323 3559 894 1449 5795 6327 5231 6012 7223 467 3349 8187 6542 6830 5007 3808 5392 
81 3448 8946 2378 8267 280 2795 551 8952 8565 5345 5129 429 850 7742 2186 8471 1123 5726 7086 5351 3541 8454 975 9182 2247 9084 1193 9317 3774 833 5311 560 353 6224 8106 5162 8278 9464 4098 664 7953 4351 7681 7779 5627 6884 3013 3960 180 1216 6734 1884 7366 5338 8735 5788 7954 8521 267 9539 4012 808 6317 8747 3527 8343 4271 8979 4995 3601 6303 7938 1327 7424 3633 869 3444 7063 124 582 8311 
76 6056 3387 2265 9194 7642 7343 2241 4507 6970 8052 1499 1745 7543 2747 2036 949 6779 4221 6036 499 1420 74 3018 5822 8040 5142 8689 8628 2928 1166 2120 4823 1371 2998 4425 4986 7290 3944 585 6692 8926 4815 6396 299 5810 2792 444 2754 2941 631 847 4806 8856 7940 7269 9225 3676 3023 9945 8632 5286 2796 1930 121 3196 9535 796 6184 7817 1875 9847 362 2719 2791 1793 7368 
82 8172 3153 9054 2766 8183 9288 7720 9117 3772 5917 5476 5942 2876 3264 9073 1421 9640 1515 9549 2101 8681 1042 971 2673 9571 9892 6215 6163 4831 3254 7709 9562 8862 4882 5699 8734 2397 5137 239 9250 2404 7962 6006 6418 30 5943 2015 96 6226 8288 3799 2245 4321 2886 1338 5043 8113 5078 4663 5722 5995 1827 699 5184 2282 6053 8955 7453 4020 5985 6013 6654 4841 9765 3840 7371 1184 1928 2530 8805 9958 6065 
79 2870 9888 8724 3384 5535 8590 3911 6959 563 6402 9811 6620 1737 2212 3122 8937 610 3949 8609 662 2238 7541 9725 8349 2064 4640 219 7401 6690 7942 1228 1045 2857 2124 5852 3686 6010 345 6665 1879 729 5152 1358 8135 169 9122 6786 1567 9297 4164 4596 6712 6939 7133 4086 8496 347 4508 9298 139 8923 4971 9652 4362 9348 2109 814 3208 8241 2510 6932 2907 321 340 8037 2099 5284 2155 1298 
74 2223 1109 8595 8299 3025 1191 698 4060 2890 8977 6655 8733 6284 8445 7177 443 6868 1236 9242 5857 4597 3326 2136 9648 3984 7111 5168 9854 4785 5603 4990 9964 6585 1459 3622 7549 8963 6253 7346 1885 6156 6743 8095 7836 4509 414 1073 1702 3773 4670 3357 1324 7530 3200 8344 3469 3578 4270 7342 9878 3015 3547 2093 6929 2523 617 5918 9505 1473 9100 4707 6865 3555 8314 
80 2584 1574 1472 3756 3104 3179 6687 4259 1186 9685 7191 1809 5826 9428 1985 6520 8108 6794 4495 236 456 4137 9272 3299 5878 87 4521 5821 5355 5012 472 620 5659 392 1104 3797 4401 7377 9809 564 3147 1490 5848 6945 9902 9091 9326 8578 9617 9047 5741 471 5098 6417 1471 6232 1582 2449 1992 1476 6070 7920 6391 284 6848 6541 18 5101 5660 1209 4138 6660 1943 9613 4224 4793 7839 4037 2494 6051 
78 5254 4753 6956 5325 1595 839 1330 2482 3855 7020 7279 9129 5456 8615 4718 2024 473 7349 5010 4454 2679 7405 2001 7024 6015 6711 1096 9771 8153 6648 4344 4212 1085 865 1952 8384 2551 866 8630 5114 9729 8908 6119 4693 335 6940 595 4202 370 3248 3394 6132 6568 1438 7302 269 3538 137 4324 7224 6501 8985 5728 4721 640 3459 9962 2731 641 6573 9164 287 8298 7066 2007 2661 900 6014 
79 6975 8346 1573 7494 1365 2442 4660 6003 6509 3 3164 706 408 9302 4323 8798 8093 4350 8620 4387 4734 6547 2161 3215 6097 3908 7472 3546 3506 6707 1908 3454 2044 9222 2033 4215 4603 5839 1553 8650 5767 3152 3463 9196 6545 7378 3574 8707 9596 3884 5692 6476 9266 2271 1619 463 4876 748 4220 1534 7113 5715 5872 3577 9301 826 6478 5629 9112 5907 940 1071 3083 5774 5513 7978 2157 496 7272 
77 9141 2417 5370 3704 6154 4797 5334 6857 89 8851 3260 6493 1614 8327 7232 5868 2166 1276 1165 132 8569 2637 5218 4524 3904 36 9660 8700 6584 9270 7661 5189 3277 6590 6999 3290 6948 7312 777 5122 580 1135 6072 2185 4207 7155 7932 3602 5246 2723 9758 9693 9230 3915 8397 5866 3338 2317 8157 7933 7139 6289 2063 2046 889 5936 9710 4682 4437 9080 1550 936 4963 6587 1990 7456 7527 
69 6096 9960 3235 6879 8434 7309 7636 3682 7699 6563 1217 5671 7691 6112 117 4745 5302 4545 6160 1020 7875 9012 3515 3434 1742 6378 3819 8482 406 863 4371 9299 9232 5737 9794 3814 4570 834 1973 8396 7628 1684 3638 6087 7956 7599 6243 7454 2377 1782 4426 6241 195 8088 5686 2328 7289 9025 5569 3197 8011 451 3589 3062 4923 6390 4419 7341 531 
73 7320 8579 5388 9366 8080 3302 4458 3099 4824 5263 4976 4001 3881 8865 6990 7872 7441 5303 9461 5401 5278 3176 4272 3330 5533 8562 1402 39 1320 8512 8826 3807 6716 5504 3477 5202 7044 6362 254 7888 5590 3109 5399 5272 8827 4023 5616 5697 6219 6019 1902 3593 3990 543 2987 5300 9881 2491 9766 3859 730 5466 5430 8731 8272 8918 3404 950 5897 2296 2217 1864 9700 
74 3636 2851 4804 4801 482 5097 6597 4543 1556 7358 5031 7060 9219 4415 3367 8162 1604 8711 4313 6167 5742 7880 4874 7993 4370 1039 313 9973 7407 7032 2052 686 4456 5332 428 9389 9381 4851 264 1783 8200 6802 1161 2379 5357 923 9730 6789 9294 829 6004 3935 6118 6144 9132 9399 3022 5140 7754 4850 5515 6943 1266 2712 3057 2041 7008 1211 4897 2215 8167 9882 537 1635 
77 3353 7653 3123 6330 7175 8927 9361 227 8781 276 5127 968 422 1220 1562 15 6452 8368 7719 3225 7412 9599 9753 6971 6236 5975 2919 6276 363 8325 9375 2011 822 2178 5488 8939 4410 1280 4343 989 6375 153 9712 3853 8688 7758 6953 4059 4493 5003 8082 5060 4357 2596 4886 3077 9000 9333 6290 5358 5305 8706 3478 5819 4450 8554 6828 5549 1705 5256 3345 4548 4940 6639 7315 711 4171 
72 5482 3075 6152 1896 6729 8903 5134 6983 4710 421 1631 9590 8462 704 1750 9456 2744 2738 2435 8235 9491 6328 3304 4396 7135 8652 3791 8213 1899 7039 6651 4914 3839 1044 3923 3199 9367 8148 8475 6540 4902 6930 6714 3805 5252 1231 4056 6964 5431 3976 3052 6373 3966 4558 1687 2199 6560 1731 7897 7857 7306 1580 8803 7396 2170 8195 951 4502 3422 4418 6301 7414 
79 3187 2672 6227 3720 2351 9166 4754 5209 3312 61 9797 8778 5516 432 4250 5307 6379 81 740 8176 9989 1865 2908 2794 7316 8004 9737 2646 5904 569 2891 6287 3507 1069 3131 6882 5847 7860 680 213 7882 4120 9716 1496 1456 9630 6758 6249 1265 9779 1291 3945 179 742 104 9834 3624 8280 770 708 8449 3655 8433 809 3510 3450 2721 8695 9134 8516 7478 390 3697 6513 5021 8412 2809 3334 2630 
69 4611 9155 5160 625 8440 3534 8513 7458 7351 2756 7650 3323 3036 1441 6304 319 9936 9310 8005 9327 7045 1032 5023 8330 9976 5964 9952 1618 1695 1244 6024 4090 1029 4199 5718 6904 958 5594 5541 8758 887 7808 3432 6759 4498 3776 5605 46 122 7226 1234 2605 9373 9048 8430 7818 8635 7895 8647 9022 3111 3354 4479 6305 7726 5317 5216 4235 7260 
75 8598 1641 8653 8339 457 6935 2769 1560 1124 5181 9139 5448 9761 9462 5610 4183 8564 385 2771 8263 4044 5146 3532 8123 2654 4204 4201 5412 9993 1880 8801 7429 4132 5451 4919 5664 9261 2171 6433 700 5695 8860 1673 6403 3231 1584 1450 3162 608 2362 4778 4285 7786 9938 1617 5172 1953 8485 4409 7101 2694 7602 9886 2667 547 9947 1634 7804 5960 4354 3038 8932 7899 8909 2518 
82 7138 962 7822 4830 9740 4805 8983 6610 552 5653 2205 4535 6407 3291 4248 7723 5360 8754 320 6205 2433 3195 3544 4247 9436 4388 6847 257 1233 9090 1889 359 4428 3635 2877 8686 6951 7612 4748 1458 3271 2077 3684 1488 6170 8972 8837 3891 302 3327 7848 7510 8671 3263 1043 864 5676 3597 767 3862 9210 3309 5319 8853 7498 6911 4741 6832 9805 8018 2054 2942 172 9422 4590 9767 2075 1313 3957 2668 8631 1596 
68 6507 3815 8948 8447 1712 7439 1407 1036 1822 1059 8693 5945 2218 220 899 9467 4969 7675 1802 8840 5119 4822 3892 4435 2986 9703 2539 92 2682 3609 7233 1070 7069 6698 1927 183 6180 7438 1240 5640 3473 8563 9239 5920 3012 2515 2628 9062 9449 2655 9569 10 7220 7601 6339 9582 3014 4973 6972 8893 1446 6397 2123 4058 1533 2456 9015 5707 
76 5588 6021 1130 1038 1768 5908 1818 5310 7707 1197 462 9752 4165 7957 9489 8726 1203 8958 2762 209 7927 8848 261 9499 576 5121 5222 9921 3986 3315 4290 584 2382 1960 1698 4930 1056 2576 5265 7919 178 9256 1142 5732 3896 1439 3102 6384 645 9674 481 6792 6863 4894 454 7160 9519 5684 9305 4121 2597 3995 8243 5946 399 2257 8146 7152 2959 3030 3202 1653 9404 3048 7820 6207 
63 5832 7148 1377 1831 1364 7031 7329 4318 5881 9286 6973 9967 2395 4005 8954 4788 2782 7347 4478 7981 9851 1610 6472 4888 718 4504 1023 2548 3721 5890 8666 9081 8864 2114 1530 5971 5505 6977 4525 8217 6315 4654 307 2022 6469 4269 3189 5004 206 9550 1506 7967 2434 754 1181 9934 6181 4680 5372 4832 6952 8392 9604 
78 9106 2830 1512 2583 4757 2005 1772 4480 2479 3331 8237 294 3411 9165 7408 2258 1344 5596 8463 6312 8642 1897 4900 9889 6800 3364 868 4021 8189 8665 4402 5600 6176 918 376 9207 5135 210 7102 8732 802 388 3418 803 440 9709 2420 8839 3732 8692 1273 1356 1945 5933 1455 8014 9503 4265 9198 7128 1347 1287 8708 8712 4291 439 677 4600 1615 8743 5257 8774 2585 9995 5240 3436 5208 2451 
69 6570 1788 2713 811 6200 6093 8297 7638 7648 9669 3405 3671 6348 4053 1760 2346 7061 2644 939 2337 1525 6944 9994 6331 4577 3398 2078 9545 2948 9218 2408 5691 1642 4925 7258 3646 8560 4177 5827 7737 6621 8133 3594 9162 3569 7070 1116 9226 7255 151 4563 9259 5437 1912 351 312 732 1686 4664 2866 1937 2749 3663 9916 3305 7841 2879 3570 2480 
68 327 7914 2163 1599 7297 7216 1468 554 7380 1037 2459 3582 8751 9115 6211 8072 208 5901 3019 3103 2687 1149 4025 980 7755 2624 7062 6138 1309 4519 8815 2887 5282 8989 3705 6941 3065 5093 1838 8871 984 4424 8168 8996 8757 6724 2899 8156 5977 1850 9026 4626 6196 6467 1628 7048 6797 4407 8637 192 1428 9927 8941 3868 3059 9643 277 2611 
73 701 6603 8184 8128 8678 7173 7929 7922 7969 9130 6102 1600 5258 629 4530 6816 9665 3669 1998 9133 8389 9808 5510 7835 3545 5647 1168 8191 9664 223 6213 6612 954 7663 1873 9800 4776 9325 2034 1613 5040 9471 4704 1502 3880 1246 2344 1823 1733 5267 4725 3969 668 4849 8326 7512 1061 3706 4608 7457 3938 3993 6637 3668 8070 2594 8819 5470 9768 5690 8629 7917 2894 
67 1826 2182 8896 159 3628 5934 1670 288 2252 6410 4629 5860 5714 4730 8831 9943 8920 2322 6559 943 8904 5568 8122 1092 1564 7935 6552 2610 527 6178 7157 4081 3317 4743 3441 7831 2251 3657 2387 8370 8333 9653 744 7635 6827 508 3751 7504 1008 6536 2210 8888 6694 9948 9221 1454 1474 9698 2572 3979 4890 5375 870 1946 3531 6588 4361 
70 3592 7132 7639 7946 6265 5529 3005 3598 9052 4151 4186 593 1575 555 8320 4298 8328 8718 3934 4117 3158 2303 8211 1269 3850 5547 2260 7122 2808 8967 8335 7596 4547 3849 9233 9736 5820 4637 9355 5652 7212 5790 5539 1537 1654 4070 3244 5572 3428 5929 2733 6662 7862 2476 9374 6899 1978 5294 3936 3717 1115 7930 5678 5928 6269 6142 4111 1637 9784 4087 
79 7674 9340 1833 6668 1425 6214 9868 8170 4751 487 5553 8829 3518 5333 8074 6113 9937 1994 1592 1238 4566 1174 3882 4562 7038 7743 2509 1226 2943 4687 8857 6674 3416 9300 3629 231 3054 4761 9252 6611 5746 9264 2341 9077 7129 241 8866 646 7127 1101 8524 4491 1696 8059 3115 9744 9603 5792 4296 607 9620 948 6077 44 6818 2718 8559 240 2911 6881 7852 2829 7474 6974 9109 7049 3634 3517 2149 
60 4115 8502 1539 4878 3972 747 9385 2430 2664 3346 6731 91 3486 6419 2983 739 7597 4483 9548 7036 3484 9821 9092 2076 4667 2314 249 1103 3942 3096 2549 8990 492 6223 7898 5880 1848 5493 4609 3433 8403 8457 935 9319 4234 6047 3561 8411 5932 8104 9450 7714 2953 7477 7050 3421 4257 7362 3159 5987 
66 1408 2648 6980 4057 8227 5966 5077 4803 4099 4896 3762 6177 3412 4309 970 3741 9795 22 720 670 789 1218 391 991 5036 9575 636 1172 7370 8435 3974 8883 7844 6846 2237 5268 8129 7499 8210 4054 884 7143 7262 3089 8767 4206 1384 5264 1153 4463 8716 7461 7799 6659 9291 818 2203 4811 8953 9398 5161 2444 8945 2386 4594 5269 
63 7782 4322 3240 6897 3169 8366 8399 8586 9933 1278 8613 9397 6922 8714 5051 738 5744 956 3040 3480 3745 8645 902 2601 3678 3648 2083 5068 1290 203 532 4047 9247 2826 8721 6386 5854 2617 2369 8713 3073 1828 5614 2307 8054 4846 7797 3617 4013 1018 5225 3135 9342 4584 2422 581 480 4346 1288 7801 1559 6663 7577 
63 4182 6845 9589 5555 9787 6231 3324 9785 9636 291 4144 375 6481 9147 6099 6752 6744 5312 2961 5369 468 8477 3166 8894 8245 7753 7928 8931 4376 3798 4583 7344 5727 9424 6350 3641 5394 8029 1645 2173 9896 8161 3000 4939 5663 7657 2190 4209 1311 8576 5677 105 5882 5950 47 624 8024 2291 3540 9607 212 849 3143 
65 8044 3145 957 1925 7574 4951 2813 6475 8120 8324 3268 7109 2578 4156 7637 2018 2918 572 6817 674 2541 1725 1810 1679 230 6084 1074 8055 4945 7672 301 2923 1934 1176 4617 1308 3108 3920 6438 2466 4496 1195 538 9706 7168 4649 3365 4216 4528 7913 9206 5025 1586 9536 9819 1374 5702 1957 749 9894 9991 6271 6235 5204 4977 
64 3155 558 2086 7539 3899 7752 2037 9384 9520 952 2352 8697 6322 5525 35 4307 513 5177 4315 4341 8042 3144 1349 1435 4293 4443 1630 8605 2465 3695 3220 7088 2949 8759 2714 6861 5081 9046 2321 6487 3852 705 5708 3255 9944 4554 8930 6514 9114 9086 8531 2162 372 6040 3351 7154 5725 9099 7789 7123 2249 3554 7722 694 
71 8858 3256 4107 5467 1893 4390 9913 2365 6463 874 2472 1964 1080 9790 4694 4282 4358 8022 8553 6562 841 2274 2175 8476 4163 8617 8878 7009 2656 2705 5828 4179 2903 628 1137 1866 3370 903 8614 9469 756 8119 2625 5927 3973 7398 6193 2750 6131 959 7311 6679 6455 6465 9004 9181 2405 9069 2976 860 7166 4580 2501 8582 3289 8585 6842 9841 3080 3952 5255 
54 8544 4581 2152 9459 2940 1835 2963 2506 3620 82 1241 1138 308 3604 6162 9006 9658 1317 8150 7190 3742 4533 2153 8976 6018 2977 922 3446 1392 5270 2581 418 101 4893 354 9017 483 4853 9512 9088 7821 4225 7469 1232 6489 1997 7052 2812 2776 6028 5551 3386 7162 592 
56 3216 7794 2090 7402 8566 5997 5483 3907 2535 605 2221 6049 9407 7028 4089 6978 8322 5570 8638 7703 4292 3362 7131 4440 5169 9158 9959 6398 2982 8362 3672 9483 4955 5487 5825 1941 4742 6307 9801 4208 9102 458 8275 8065 1447 1583 6141 7647 3943 9788 7858 2448 8487 6404 6650 1315 
54 3491 7229 9213 8415 8875 667 6234 2304 3953 9612 8936 2201 2058 9055 3079 2450 2310 848 5976 1980 1849 7522 5701 6085 1796 3251 7043 831 5786 8355 3897 8295 4819 7912 9525 4780 4399 5335 9656 9493 9605 9496 9063 7287 7583 9065 3661 7463 5711 8077 8792 561 3829 3810 
52 2586 6791 3171 9743 4870 1862 7449 9899 2746 4278 6622 1160 1440 888 8377 2917 1609 5183 5397 8391 5420 2647 2390 947 4669 8051 1057 4033 5295 5755 613 3824 2690 9920 97 2871 5807 2035 9843 4445 3691 5922 5785 8308 3163 1685 737 6377 9463 1551 6730 7502 
51 9180 7613 9498 1807 8625 3201 3322 3866 1554 3845 5693 3091 964 4487 3830 5406 5074 3784 1082 6188 1360 7209 9529 3631 5108 8601 4855 2372 9292 9810 2889 9169 6963 2047 4133 7634 776 9137 1984 8785 3750 7169 8922 1031 3447 2250 3988 6041 5276 4866 8898 
48 3831 4634 8026 3044 961 9806 4050 2168 8766 7259 4096 2920 6128 8873 4048 8423 8000 4885 5508 6856 3146 3490 4147 5063 6772 4277 1173 830 7500 9262 5385 8056 9429 8208 3029 6934 7140 1658 4403 8388 5981 1277 2427 6667 5780 2400 8132 5836 
46 3766 2452 1568 2550 3496 3460 7183 1976 2353 5680 1373 6437 7227 2266 3037 565 9363 8260 9689 4028 5998 4565 5661 7404 3246 9217 5581 8787 7238 1616 5447 4118 1741 2726 6571 3965 6165 6031 9402 7452 9108 4155 6293 205 3308 6217 
46 3709 671 9561 8468 5903 1751 2512 5247 7890 5244 7286 7406 3297 4472 5875 9880 3341 9220 3313 8215 4223 3435 5974 9490 2666 3941 3753 2287 407 3740 8425 9551 7479 763 2023 3768 1775 7444 1362 3739 9680 8160 3141 6688 7746 5747 
43 526 2191 4807 1410 8949 2141 5400 1715 4739 1969 4302 771 6309 6979 4575 7468 1219 3105 9760 521 2050 933 8661 3685 8015 5800 895 9931 4148 9681 6323 8401 8226 1781 8331 8525 488 2361 1569 757 3224 9667 8683 
34 42 9246 3632 5049 1704 9042 3702 2555 3733 2295 6369 2027 4938 8723 2802 2629 3670 9908 5292 1972 1771 9359 9668 4845 3869 5239 3293 9156 8947 2127 7535 242 2285 4678 
29 9168 8246 4303 7871 7416 3283 9540 7538 3170 6615 2233 1370 2947 6697 7071 8047 4869 2852 8352 32 6453 6851 2564 5464 2662 246 2073 1949 1107 
29 4189 7186 8166 350 3442 813 8924 1012 7748 1759 6296 7415 1423 1683 6210 9087 67 2833 4749 1963 955 6946 6900 9644 5858 5414 8998 5381 6593 
28 1048 2156 7511 5865 8063 2841 2701 5683 6538 3683 7671 3069 8794 9857 76 9280 838 2110 5567 5628 4719 4879 3550 8086 8570 8181 410 885 
29 2805 8607 994 6497 1067 1465 6844 343 5512 4194 8182 8289 525 1256 715 1329 5694 3124 7846 1544 4610 8321 6505 774 8 2688 9663 1162 3257 
29 6950 1030 1271 6754 8530 8933 6274 6186 5277 332 4497 3191 4892 4612 5411 109 7199 6768 4645 9922 2112 5923 1343 8091 3509 423 9623 9476 587 
33 5919 9696 4397 275 7984 8027 9268 9504 9585 2950 2728 7916 6277 5035 4431 4844 2474 6082 7130 7853 3616 2979 5187 8773 5419 9875 9614 5421 2366 723 6355 5445 1869 
32 6392 9131 1100 5109 7528 3851 6551 93 4672 6919 4799 2892 2068 7811 7766 858 2463 3409 3253 4162 8997 7095 1334 1357 6158 9972 427 7029 7966 6598 6942 8670 
27 4960 6595 8969 2042 1776 9263 9229 4356 1657 685 9885 4527 1189 3548 258 2092 7813 4763 9316 9005 9396 7874 7 707 8357 2438 1601 
24 8097 4949 1816 6237 1412 1932 1411 4588 2989 7409 3280 3035 3879 2546 1451 4648 6839 348 8452 7547 3787 727 3526 5042 
23 1769 5136 6765 2396 9751 5348 7944 1707 7142 1427 3608 7300 9430 2695 9426 6326 4861 3566 6034 4932 1086 1951 2819 
27 5777 6319 4503 5387 2736 5226 8594 1547 4205 4263 6567 8358 4178 5281 228 2577 909 2945 2806 2473 4499 1901 1065 8064 6880 9431 9138 
21 746 7251 7011 1178 4093 9986 7317 4446 5314 3825 7701 4373 3301 3125 9016 9521 4211 7565 8209 1208 4927 
17 8709 5999 7240 9619 1895 9308 3794 2735 7387 3926 6426 5636 342 9105 329 8030 1119 
12 4616 4236 336 2815 3744 743 4432 21 7352 7624 6401 4920 
7 9754 9059 7745 6225 7573 3093 3924 
9 404 4055 9420 9035 4826 5602 725 9774 6161 
10 2343 177 5700 4856 886 9979 7859 1803 3761 364 
7 9816 5843 8258 5175 9275 3087 4905 
12 338 4587 4514 9223 5223 5293 1516 5279 6736 9924 7553 3872 
5 7625 974 4559 3893 2447 
2 925 4441 
3 4110 6726 8480 
3 4500 1622 3603 
21 6263 5440 2651 1557 5018 4601 7557 5758 5924 9405 2259 4513 8705 7971 7198 988 3294 1669 8818 3219 1815 
17 7473 1419 1988 1091 6147 6448 3193 3408 6127 1274 8451 8169 5039 197 3779 3529 7756 
3 6122 7266 2905 
3 921 2104 9347 
1 9307 
0 
0 
0 
0 
0 
0 
0 
0 
0 
0 
0 
0 
0 
0 
0 
0 
0 
0 
0 
0 
0 
0 
0 
0 
0 
0 
0 
0 
0 
0 
0 
0 
0 
0 
0 
0 
0 
0 
0 
0 
0 
0 
0 
0 
0 
0 
0 
0 
0 
0 
0 
0 
0 
0 
0 
0 
0 
0 
0 
0 
0 
0 
0 
0 
0 
0 
0 
0 
0 
0 
0 
0 
0 
0 
0 
0 
0 
0 
0 
0 
0 
0 
0 
0 
0 
0 
0 
0 
0 
0 
0 
0 
0 
0 
0 
0 
0 
0 
0 
0 
0 
0 
0 
0 
0 
0 
0 
0 
0 
0 
0 
0 
0 
0 
0 
0 
0 
0 
0 
0 
0 
0 
0 
0 
0 
0 
0 
0 
0 
0 
0 
0 
0 
0 
0 
0 
0 
0 
0 
0 
0 
0 
0 
0 
0 
0 
0 
0 
0 
0 
0 
0 
0 
0 
0 
0 
0 
0 
0 
0 
0 
0 
0 
0 
0 
0 
0 
0 
0 
0 
0 
0 
0 
0 
0 
0 
0 
0 
0 
0 
0 
0 
0 
0 
0 
0 
0 
0 
0 
0 
0 
0 
0 
0 
0 
0 
0 
0 
0 
0 
0 
